0 0.599502487562189 0.17275280898876405 0.1181592039800995 0.09363295880149813
1 0.5791355721393034 0.4473314606741573 0.1166044776119403 0.10346441947565543
0 0.6038557213930348 0.07958801498127341 0.1181592039800995 0.09363295880149813
0 0.5904850746268657 0.26591760299625467 0.1181592039800995 0.09363295880149813
0 0.5845771144278606 0.3562734082397004 0.1181592039800995 0.09363295880149813
0 0.5718283582089553 0.5449438202247191 0.1181592039800995 0.09363295880149813
0 0.5665422885572139 0.6343632958801498 0.1181592039800995 0.09363295880149813
0 0.5606343283582089 0.7205056179775281 0.1181592039800995 0.09363295880149813
0 0.5569029850746269 0.8108614232209738 0.1181592039800995 0.09363295880149813
0 0.5475746268656716 0.9002808988764045 0.1181592039800995 0.09363295880149813
0 0.5439987562189055 0.9719101123595506 0.11722636815920398 0.056179775280898875
