0 0.4437189054726368 0.5833333333333334 0.0708955223880597 0.14700374531835206
0 0.3614738805970149 0.6348314606741573 0.07058457711442787 0.14794007490636704
1 0.48569651741293535 0.41713483146067415 0.07213930348258707 0.12734082397003746
0 0.6452114427860697 0.450374531835206 0.0708955223880597 0.14700374531835206
0 0.6047885572139303 0.476123595505618 0.0708955223880597 0.14700374531835206
0 0.5637437810945274 0.5042134831460674 0.0708955223880597 0.14700374531835206
0 0.5247201492537313 0.5306647940074907 0.06996268656716417 0.1409176029962547
0 0.4833644278606965 0.5550093632958801 0.06996268656716417 0.1409176029962547
0 0.4018967661691542 0.6079119850187266 0.06996268656716417 0.1409176029962547
0 0.32027363184079605 0.6619850187265918 0.06965174129353234 0.14606741573033707
0 0.2795398009950249 0.6853932584269663 0.06965174129353234 0.14606741573033707
0 0.23880597014925373 0.7148876404494382 0.06965174129353234 0.14606741573033707
0 0.19465174129353233 0.7382958801498127 0.06965174129353234 0.14606741573033707
0 0.15391791044776118 0.7670880149812734 0.07213930348258707 0.1502808988764045
0 0.11038557213930349 0.7937734082397003 0.07213930348258707 0.1502808988764045
0 0.07182835820895522 0.8232677902621723 0.07213930348258707 0.1502808988764045
0 0.036069651741293535 0.8433988764044944 0.07213930348258707 0.1502808988764045
0 0.02845149253731343 0.7102059925093633 0.05690298507462686 0.13951310861423222
0 0.06436567164179105 0.6858614232209738 0.07524875621890548 0.14232209737827714
0 0.10976368159203981 0.6610486891385767 0.07524875621890548 0.14232209737827714
0 0.15236318407960198 0.6362359550561798 0.07524875621890548 0.14232209737827714
0 0.1927860696517413 0.6095505617977528 0.07524875621890548 0.14232209737827714
0 0.23414179104477612 0.5852059925093633 0.07524875621890548 0.14232209737827714
0 0.277363184079602 0.5594569288389513 0.07524875621890548 0.14232209737827714
0 0.3180970149253731 0.5346441947565543 0.07524875621890548 0.14232209737827714
0 0.3572761194029851 0.5037453183520599 0.07524875621890548 0.14232209737827714
0 0.39800995024875624 0.4779962546816479 0.07524875621890548 0.14232209737827714
0 0.5612562189054726 0.37640449438202245 0.07524875621890548 0.14232209737827714
