0 0.5329601990049752 0.5011704119850188 0.1044776119402985 0.08380149812734082
2 0.5385572139303483 0.34948501872659177 0.10758706467661691 0.13342696629213482
0 0.5323383084577115 0.5620318352059925 0.1044776119402985 0.08380149812734082
0 0.5279850746268657 0.6186797752808989 0.1044776119402985 0.08380149812734082
2 0.5272077114427861 0.6790730337078652 0.09794776119402986 0.08380149812734082
0 0.5270522388059702 0.7368913857677902 0.09888059701492537 0.08239700374531835
0 0.5239427860696517 0.7935393258426966 0.09888059701492537 0.08239700374531835
0 0.5226990049751243 0.8473782771535581 0.09888059701492537 0.08239700374531835
0 0.519589552238806 0.9021535580524345 0.09888059701492537 0.08239700374531835
0 0.5180348258706468 0.9552902621722846 0.09577114427860696 0.075374531835206
