0 0.4956467661691542 0.5648408239700374 0.09701492537313433 0.0800561797752809
1 0.4975124378109453 0.40402621722846443 0.09639303482587065 0.07771535580524344
0 0.5007773631840796 0.24367977528089887 0.09794776119402986 0.10440074906367042
0 0.5001554726368159 0.3274812734082397 0.09421641791044776 0.08661048689138577
0 0.4951803482587065 0.4866573033707865 0.09421641791044776 0.08661048689138577
0 0.4933146766169154 0.6430243445692884 0.09421641791044776 0.08661048689138577
0 0.4914490049751244 0.7151217228464419 0.09421641791044776 0.08661048689138577
0 0.4889614427860697 0.7890917602996255 0.09421641791044776 0.08661048689138577
0 0.48865049751243783 0.8684456928838952 0.09421641791044776 0.07771535580524344
0 0.4870957711442786 0.9510767790262172 0.09421641791044776 0.08661048689138577
