0 0.4001865671641791 0.17275280898876405 0.1181592039800995 0.09363295880149813
1 0.42055348258706465 0.4473314606741573 0.1166044776119403 0.10346441947565543
0 0.3958333333333333 0.07958801498127341 0.1181592039800995 0.09363295880149813
0 0.4092039800995025 0.26591760299625467 0.1181592039800995 0.09363295880149813
0 0.41511194029850745 0.3562734082397004 0.1181592039800995 0.09363295880149813
0 0.42786069651741293 0.5449438202247191 0.1181592039800995 0.09363295880149813
0 0.4331467661691542 0.6343632958801498 0.1181592039800995 0.09363295880149813
0 0.43905472636815923 0.7205056179775281 0.1181592039800995 0.09363295880149813
0 0.4427860696517413 0.8108614232209738 0.1181592039800995 0.09363295880149813
0 0.4521144278606965 0.9002808988764045 0.1181592039800995 0.09363295880149813
0 0.4556902985074627 0.9719101123595506 0.11722636815920398 0.056179775280898875
