0 0.45755597014925375 0.548689138576779 0.10976368159203981 0.08707865168539326
0 0.466884328358209 0.7174625468164794 0.10603233830845771 0.08848314606741572
0 0.4771455223880597 0.889747191011236 0.10789800995024876 0.09129213483146068
1 0.44154228855721395 0.29447565543071164 0.1044776119402985 0.08333333333333333
1 0.45460199004975127 0.46629213483146065 0.11007462686567164 0.07771535580524344
0 0.4832089552238806 0.9681647940074907 0.10820895522388059 0.06273408239700375
0 0.4740360696517413 0.8036048689138576 0.10789800995024876 0.09129213483146068
0 0.4634639303482587 0.6345973782771536 0.10789800995024876 0.09129213483146068
0 0.4454291044776119 0.3801498127340824 0.10976368159203981 0.08707865168539326
0 0.4382773631840796 0.20973782771535582 0.10976368159203981 0.08707865168539326
0 0.43236940298507465 0.12359550561797752 0.10976368159203981 0.08707865168539326
0 0.4281716417910448 0.04353932584269663 0.10323383084577115 0.08707865168539326
