0 0.5559701492537313 0.41619850187265917 0.0708955223880597 0.14700374531835206
0 0.6382151741293532 0.3647003745318352 0.07058457711442787 0.14794007490636704
1 0.5139925373134329 0.5823970037453183 0.07213930348258707 0.12734082397003746
0 0.35447761194029853 0.5491573033707865 0.0708955223880597 0.14700374531835206
0 0.39490049751243783 0.5234082397003745 0.0708955223880597 0.14700374531835206
0 0.43594527363184077 0.4953183520599251 0.0708955223880597 0.14700374531835206
0 0.4749689054726368 0.46886704119850187 0.06996268656716417 0.1409176029962547
0 0.5163246268656716 0.44452247191011235 0.06996268656716417 0.1409176029962547
0 0.5977922885572139 0.3916198501872659 0.06996268656716417 0.1409176029962547
0 0.6794154228855721 0.33754681647940077 0.06965174129353234 0.14606741573033707
0 0.7201492537313433 0.31413857677902624 0.06965174129353234 0.14606741573033707
0 0.7608830845771144 0.2846441947565543 0.06965174129353234 0.14606741573033707
0 0.8050373134328358 0.2612359550561798 0.06965174129353234 0.14606741573033707
0 0.845771144278607 0.2324438202247191 0.07213930348258707 0.1502808988764045
0 0.8893034825870647 0.20575842696629212 0.07213930348258707 0.1502808988764045
0 0.927860696517413 0.17626404494382023 0.07213930348258707 0.1502808988764045
0 0.9636194029850746 0.15613295880149813 0.07213930348258707 0.1502808988764045
0 0.9712375621890548 0.2893258426966292 0.05690298507462686 0.13951310861423222
0 0.9353233830845771 0.3136704119850187 0.07524875621890548 0.14232209737827714
0 0.8899253731343284 0.33848314606741575 0.07524875621890548 0.14232209737827714
0 0.8473258706467661 0.36329588014981273 0.07524875621890548 0.14232209737827714
0 0.8069029850746269 0.3899812734082397 0.07524875621890548 0.14232209737827714
0 0.7655472636815921 0.4143258426966292 0.07524875621890548 0.14232209737827714
0 0.7223258706467661 0.4400749063670412 0.07524875621890548 0.14232209737827714
0 0.681592039800995 0.4648876404494382 0.07524875621890548 0.14232209737827714
0 0.6424129353233831 0.4957865168539326 0.07524875621890548 0.14232209737827714
0 0.601679104477612 0.5215355805243446 0.07524875621890548 0.14232209737827714
0 0.43843283582089554 0.62312734082397 0.07524875621890548 0.14232209737827714
