0 0.5559701492537313 0.5833333333333334 0.0708955223880597 0.14700374531835206
0 0.6382151741293532 0.6348314606741573 0.07058457711442787 0.14794007490636704
1 0.5139925373134329 0.41713483146067415 0.07213930348258707 0.12734082397003746
0 0.35447761194029853 0.450374531835206 0.0708955223880597 0.14700374531835206
0 0.39490049751243783 0.476123595505618 0.0708955223880597 0.14700374531835206
0 0.43594527363184077 0.5042134831460674 0.0708955223880597 0.14700374531835206
0 0.4749689054726368 0.5306647940074907 0.06996268656716417 0.1409176029962547
0 0.5163246268656716 0.5550093632958801 0.06996268656716417 0.1409176029962547
0 0.5977922885572139 0.6079119850187266 0.06996268656716417 0.1409176029962547
0 0.6794154228855721 0.6619850187265918 0.06965174129353234 0.14606741573033707
0 0.7201492537313433 0.6853932584269663 0.06965174129353234 0.14606741573033707
0 0.7608830845771144 0.7148876404494382 0.06965174129353234 0.14606741573033707
0 0.8050373134328358 0.7382958801498127 0.06965174129353234 0.14606741573033707
0 0.845771144278607 0.7670880149812734 0.07213930348258707 0.1502808988764045
0 0.8893034825870647 0.7937734082397003 0.07213930348258707 0.1502808988764045
0 0.927860696517413 0.8232677902621723 0.07213930348258707 0.1502808988764045
0 0.9636194029850746 0.8433988764044944 0.07213930348258707 0.1502808988764045
0 0.9712375621890548 0.7102059925093633 0.05690298507462686 0.13951310861423222
0 0.9353233830845771 0.6858614232209738 0.07524875621890548 0.14232209737827714
0 0.8899253731343284 0.6610486891385767 0.07524875621890548 0.14232209737827714
0 0.8473258706467661 0.6362359550561798 0.07524875621890548 0.14232209737827714
0 0.8069029850746269 0.6095505617977528 0.07524875621890548 0.14232209737827714
0 0.7655472636815921 0.5852059925093633 0.07524875621890548 0.14232209737827714
0 0.7223258706467661 0.5594569288389513 0.07524875621890548 0.14232209737827714
0 0.681592039800995 0.5346441947565543 0.07524875621890548 0.14232209737827714
0 0.6424129353233831 0.5037453183520599 0.07524875621890548 0.14232209737827714
0 0.601679104477612 0.4779962546816479 0.07524875621890548 0.14232209737827714
0 0.43843283582089554 0.37640449438202245 0.07524875621890548 0.14232209737827714
