0 0.5421330845771144 0.548689138576779 0.10976368159203981 0.08707865168539326
0 0.5328047263681592 0.7174625468164794 0.10603233830845771 0.08848314606741572
0 0.5225435323383084 0.889747191011236 0.10789800995024876 0.09129213483146068
1 0.5581467661691543 0.29447565543071164 0.1044776119402985 0.08333333333333333
1 0.5450870646766169 0.46629213483146065 0.11007462686567164 0.07771535580524344
0 0.5164800995024875 0.9681647940074907 0.10820895522388059 0.06273408239700375
0 0.5256529850746269 0.8036048689138576 0.10789800995024876 0.09129213483146068
0 0.5362251243781094 0.6345973782771536 0.10789800995024876 0.09129213483146068
0 0.5542599502487562 0.3801498127340824 0.10976368159203981 0.08707865168539326
0 0.5614116915422885 0.20973782771535582 0.10976368159203981 0.08707865168539326
0 0.5673196517412935 0.12359550561797752 0.10976368159203981 0.08707865168539326
0 0.5715174129353234 0.04353932584269663 0.10323383084577115 0.08707865168539326
