0 0.5040422885572139 0.5648408239700374 0.09701492537313433 0.0800561797752809
1 0.5021766169154229 0.40402621722846443 0.09639303482587065 0.07771535580524344
0 0.49891169154228854 0.24367977528089887 0.09794776119402986 0.10440074906367042
0 0.49953358208955223 0.3274812734082397 0.09421641791044776 0.08661048689138577
0 0.5045087064676617 0.4866573033707865 0.09421641791044776 0.08661048689138577
0 0.5063743781094527 0.6430243445692884 0.09421641791044776 0.08661048689138577
0 0.5082400497512438 0.7151217228464419 0.09421641791044776 0.08661048689138577
0 0.5107276119402985 0.7890917602996255 0.09421641791044776 0.08661048689138577
0 0.5110385572139303 0.8684456928838952 0.09421641791044776 0.07771535580524344
0 0.5125932835820896 0.9510767790262172 0.09421641791044776 0.08661048689138577
