0 0.45755597014925375 0.4508426966292135 0.10976368159203981 0.08707865168539326
0 0.466884328358209 0.2820692883895131 0.10603233830845771 0.08848314606741572
0 0.4771455223880597 0.10978464419475656 0.10789800995024876 0.09129213483146068
1 0.44154228855721395 0.7050561797752809 0.1044776119402985 0.08333333333333333
1 0.45460199004975127 0.5332397003745318 0.11007462686567164 0.07771535580524344
0 0.4832089552238806 0.03136704119850187 0.10820895522388059 0.06273408239700375
0 0.4740360696517413 0.19592696629213482 0.10789800995024876 0.09129213483146068
0 0.4634639303482587 0.36493445692883897 0.10789800995024876 0.09129213483146068
0 0.4454291044776119 0.6193820224719101 0.10976368159203981 0.08707865168539326
0 0.4382773631840796 0.7897940074906367 0.10976368159203981 0.08707865168539326
0 0.43236940298507465 0.8759363295880149 0.10976368159203981 0.08707865168539326
0 0.4281716417910448 0.9564606741573034 0.10323383084577115 0.08707865168539326
