0 0.46672885572139305 0.49836142322097376 0.1044776119402985 0.08380149812734082
2 0.4611318407960199 0.6500468164794008 0.10758706467661691 0.13342696629213482
0 0.4673507462686567 0.4375 0.1044776119402985 0.08380149812734082
0 0.4717039800995025 0.38085205992509363 0.1044776119402985 0.08380149812734082
2 0.4724813432835821 0.32045880149812733 0.09794776119402986 0.08380149812734082
0 0.472636815920398 0.26264044943820225 0.09888059701492537 0.08239700374531835
0 0.47574626865671643 0.20599250936329588 0.09888059701492537 0.08239700374531835
0 0.47699004975124376 0.15215355805243447 0.09888059701492537 0.08239700374531835
0 0.48009950248756217 0.09737827715355805 0.09888059701492537 0.08239700374531835
0 0.4816542288557214 0.04424157303370786 0.09577114427860696 0.075374531835206
