0 0.4001865671641791 0.8267790262172284 0.1181592039800995 0.09363295880149813
1 0.42055348258706465 0.5522003745318352 0.1166044776119403 0.10346441947565543
0 0.3958333333333333 0.9199438202247191 0.1181592039800995 0.09363295880149813
0 0.4092039800995025 0.7336142322097379 0.1181592039800995 0.09363295880149813
0 0.41511194029850745 0.6432584269662921 0.1181592039800995 0.09363295880149813
0 0.42786069651741293 0.4545880149812734 0.1181592039800995 0.09363295880149813
0 0.4331467661691542 0.3651685393258427 0.1181592039800995 0.09363295880149813
0 0.43905472636815923 0.27902621722846443 0.1181592039800995 0.09363295880149813
0 0.4427860696517413 0.18867041198501872 0.1181592039800995 0.09363295880149813
0 0.4521144278606965 0.09925093632958802 0.1181592039800995 0.09363295880149813
0 0.4556902985074627 0.028089887640449437 0.11722636815920398 0.056179775280898875
