0 0.599502487562189 0.8267790262172284 0.1181592039800995 0.09363295880149813
1 0.5791355721393034 0.5522003745318352 0.1166044776119403 0.10346441947565543
0 0.6038557213930348 0.9199438202247191 0.1181592039800995 0.09363295880149813
0 0.5904850746268657 0.7336142322097379 0.1181592039800995 0.09363295880149813
0 0.5845771144278606 0.6432584269662921 0.1181592039800995 0.09363295880149813
0 0.5718283582089553 0.4545880149812734 0.1181592039800995 0.09363295880149813
0 0.5665422885572139 0.3651685393258427 0.1181592039800995 0.09363295880149813
0 0.5606343283582089 0.27902621722846443 0.1181592039800995 0.09363295880149813
0 0.5569029850746269 0.18867041198501872 0.1181592039800995 0.09363295880149813
0 0.5475746268656716 0.09925093632958802 0.1181592039800995 0.09363295880149813
0 0.5439987562189055 0.028089887640449437 0.11722636815920398 0.056179775280898875
