0 0.5040422885572139 0.43469101123595505 0.09701492537313433 0.0800561797752809
1 0.5021766169154229 0.5955056179775281 0.09639303482587065 0.07771535580524344
0 0.49891169154228854 0.7558520599250936 0.09794776119402986 0.10440074906367042
0 0.49953358208955223 0.6720505617977528 0.09421641791044776 0.08661048689138577
0 0.5045087064676617 0.512874531835206 0.09421641791044776 0.08661048689138577
0 0.5063743781094527 0.3565074906367041 0.09421641791044776 0.08661048689138577
0 0.5082400497512438 0.28441011235955055 0.09421641791044776 0.08661048689138577
0 0.5107276119402985 0.21044007490636704 0.09421641791044776 0.08661048689138577
0 0.5110385572139303 0.13108614232209737 0.09421641791044776 0.07771535580524344
0 0.5125932835820896 0.04845505617977528 0.09421641791044776 0.08661048689138577
