0 0.4956467661691542 0.43469101123595505 0.09701492537313433 0.0800561797752809
1 0.4975124378109453 0.5955056179775281 0.09639303482587065 0.07771535580524344
0 0.5007773631840796 0.7558520599250936 0.09794776119402986 0.10440074906367042
0 0.5001554726368159 0.6720505617977528 0.09421641791044776 0.08661048689138577
0 0.4951803482587065 0.512874531835206 0.09421641791044776 0.08661048689138577
0 0.4933146766169154 0.3565074906367041 0.09421641791044776 0.08661048689138577
0 0.4914490049751244 0.28441011235955055 0.09421641791044776 0.08661048689138577
0 0.4889614427860697 0.21044007490636704 0.09421641791044776 0.08661048689138577
0 0.48865049751243783 0.13108614232209737 0.09421641791044776 0.07771535580524344
0 0.4870957711442786 0.04845505617977528 0.09421641791044776 0.08661048689138577
