0 0.4437189054726368 0.41619850187265917 0.0708955223880597 0.14700374531835206
0 0.3614738805970149 0.3647003745318352 0.07058457711442787 0.14794007490636704
1 0.48569651741293535 0.5823970037453183 0.07213930348258707 0.12734082397003746
0 0.6452114427860697 0.5491573033707865 0.0708955223880597 0.14700374531835206
0 0.6047885572139303 0.5234082397003745 0.0708955223880597 0.14700374531835206
0 0.5637437810945274 0.4953183520599251 0.0708955223880597 0.14700374531835206
0 0.5247201492537313 0.46886704119850187 0.06996268656716417 0.1409176029962547
0 0.4833644278606965 0.44452247191011235 0.06996268656716417 0.1409176029962547
0 0.4018967661691542 0.3916198501872659 0.06996268656716417 0.1409176029962547
0 0.32027363184079605 0.33754681647940077 0.06965174129353234 0.14606741573033707
0 0.2795398009950249 0.31413857677902624 0.06965174129353234 0.14606741573033707
0 0.23880597014925373 0.2846441947565543 0.06965174129353234 0.14606741573033707
0 0.19465174129353233 0.2612359550561798 0.06965174129353234 0.14606741573033707
0 0.15391791044776118 0.2324438202247191 0.07213930348258707 0.1502808988764045
0 0.11038557213930349 0.20575842696629212 0.07213930348258707 0.1502808988764045
0 0.07182835820895522 0.17626404494382023 0.07213930348258707 0.1502808988764045
0 0.036069651741293535 0.15613295880149813 0.07213930348258707 0.1502808988764045
0 0.02845149253731343 0.2893258426966292 0.05690298507462686 0.13951310861423222
0 0.06436567164179105 0.3136704119850187 0.07524875621890548 0.14232209737827714
0 0.10976368159203981 0.33848314606741575 0.07524875621890548 0.14232209737827714
0 0.15236318407960198 0.36329588014981273 0.07524875621890548 0.14232209737827714
0 0.1927860696517413 0.3899812734082397 0.07524875621890548 0.14232209737827714
0 0.23414179104477612 0.4143258426966292 0.07524875621890548 0.14232209737827714
0 0.277363184079602 0.4400749063670412 0.07524875621890548 0.14232209737827714
0 0.3180970149253731 0.4648876404494382 0.07524875621890548 0.14232209737827714
0 0.3572761194029851 0.4957865168539326 0.07524875621890548 0.14232209737827714
0 0.39800995024875624 0.5215355805243446 0.07524875621890548 0.14232209737827714
0 0.5612562189054726 0.62312734082397 0.07524875621890548 0.14232209737827714
