0 0.46672885572139305 0.5011704119850188 0.1044776119402985 0.08380149812734082
2 0.4611318407960199 0.34948501872659177 0.10758706467661691 0.13342696629213482
0 0.4673507462686567 0.5620318352059925 0.1044776119402985 0.08380149812734082
0 0.4717039800995025 0.6186797752808989 0.1044776119402985 0.08380149812734082
2 0.4724813432835821 0.6790730337078652 0.09794776119402986 0.08380149812734082
0 0.472636815920398 0.7368913857677902 0.09888059701492537 0.08239700374531835
0 0.47574626865671643 0.7935393258426966 0.09888059701492537 0.08239700374531835
0 0.47699004975124376 0.8473782771535581 0.09888059701492537 0.08239700374531835
0 0.48009950248756217 0.9021535580524345 0.09888059701492537 0.08239700374531835
0 0.4816542288557214 0.9552902621722846 0.09577114427860696 0.075374531835206
