0 0.5329601990049752 0.49836142322097376 0.1044776119402985 0.08380149812734082
2 0.5385572139303483 0.6500468164794008 0.10758706467661691 0.13342696629213482
0 0.5323383084577115 0.4375 0.1044776119402985 0.08380149812734082
0 0.5279850746268657 0.38085205992509363 0.1044776119402985 0.08380149812734082
2 0.5272077114427861 0.32045880149812733 0.09794776119402986 0.08380149812734082
0 0.5270522388059702 0.26264044943820225 0.09888059701492537 0.08239700374531835
0 0.5239427860696517 0.20599250936329588 0.09888059701492537 0.08239700374531835
0 0.5226990049751243 0.15215355805243447 0.09888059701492537 0.08239700374531835
0 0.519589552238806 0.09737827715355805 0.09888059701492537 0.08239700374531835
0 0.5180348258706468 0.04424157303370786 0.09577114427860696 0.075374531835206
