2 0.4982898009950249 0.4829119850187266 0.05441542288557214 0.09691011235955056
0 0.46983830845771146 0.47963483146067415 0.04042288557213931 0.09878277153558053
0 0.4458955223880597 0.47073970037453183 0.04042288557213931 0.09878277153558053
0 0.42257462686567165 0.4660580524344569 0.04042288557213931 0.09878277153558053
0 0.39987562189054726 0.45903558052434457 0.04042288557213931 0.09878277153558053
0 0.3781094527363184 0.45529026217228463 0.04042288557213931 0.09878277153558053
0 0.3547885572139303 0.4487359550561798 0.04042288557213931 0.09878277153558053
0 0.3314676616915423 0.4417134831460674 0.04042288557213931 0.09878277153558053
0 0.30752487562189057 0.43469101123595505 0.04042288557213931 0.09878277153558053
0 0.2857587064676617 0.4276685393258427 0.04042288557213931 0.09878277153558053
0 0.2630597014925373 0.41970973782771537 0.04042288557213931 0.09878277153558053
0 0.24067164179104478 0.4089419475655431 0.04042288557213931 0.09878277153558053
0 0.21828358208955223 0.40098314606741575 0.04042288557213931 0.09878277153558053
0 0.1958955223880597 0.3920880149812734 0.04042288557213931 0.09878277153558053
0 0.17319651741293532 0.38319288389513106 0.04042288557213931 0.09878277153558053
0 0.14925373134328357 0.3724250936329588 0.04042288557213931 0.09878277153558053
0 0.8093905472636815 0.6640917602996255 0.05472636815920398 0.09410112359550561
0 0.7854477611940298 0.6458333333333334 0.05472636815920398 0.09410112359550561
0 0.8348880597014925 0.6870318352059925 0.05472636815920398 0.09410112359550561
0 0.855410447761194 0.709503745318352 0.05472636815920398 0.09410112359550561
0 0.8840174129353234 0.7319756554307116 0.05472636815920398 0.09410112359550561
0 0.910136815920398 0.7544475655430711 0.05472636815920398 0.09410112359550561
0 0.9347014925373134 0.7745786516853933 0.05472636815920398 0.09410112359550561
0 0.960820895522388 0.7979868913857678 0.05472636815920398 0.09410112359550561
