2 0.5013992537313433 0.4829119850187266 0.05441542288557214 0.09691011235955056
0 0.5298507462686567 0.47963483146067415 0.04042288557213931 0.09878277153558053
0 0.5537935323383084 0.47073970037453183 0.04042288557213931 0.09878277153558053
0 0.5771144278606966 0.4660580524344569 0.04042288557213931 0.09878277153558053
0 0.5998134328358209 0.45903558052434457 0.04042288557213931 0.09878277153558053
0 0.6215796019900498 0.45529026217228463 0.04042288557213931 0.09878277153558053
0 0.6449004975124378 0.4487359550561798 0.04042288557213931 0.09878277153558053
0 0.6682213930348259 0.4417134831460674 0.04042288557213931 0.09878277153558053
0 0.6921641791044776 0.43469101123595505 0.04042288557213931 0.09878277153558053
0 0.7139303482587065 0.4276685393258427 0.04042288557213931 0.09878277153558053
0 0.7366293532338308 0.41970973782771537 0.04042288557213931 0.09878277153558053
0 0.7590174129353234 0.4089419475655431 0.04042288557213931 0.09878277153558053
0 0.7814054726368159 0.40098314606741575 0.04042288557213931 0.09878277153558053
0 0.8037935323383084 0.3920880149812734 0.04042288557213931 0.09878277153558053
0 0.8264925373134329 0.38319288389513106 0.04042288557213931 0.09878277153558053
0 0.8504353233830846 0.3724250936329588 0.04042288557213931 0.09878277153558053
0 0.19029850746268656 0.6640917602996255 0.05472636815920398 0.09410112359550561
0 0.2142412935323383 0.6458333333333334 0.05472636815920398 0.09410112359550561
0 0.16480099502487564 0.6870318352059925 0.05472636815920398 0.09410112359550561
0 0.14427860696517414 0.709503745318352 0.05472636815920398 0.09410112359550561
0 0.11567164179104478 0.7319756554307116 0.05472636815920398 0.09410112359550561
0 0.08955223880597014 0.7544475655430711 0.05472636815920398 0.09410112359550561
0 0.06498756218905473 0.7745786516853933 0.05472636815920398 0.09410112359550561
0 0.038868159203980096 0.7979868913857678 0.05472636815920398 0.09410112359550561
