2 0.4982898009950249 0.516619850187266 0.05441542288557214 0.09691011235955056
0 0.46983830845771146 0.5198970037453183 0.04042288557213931 0.09878277153558053
0 0.4458955223880597 0.5287921348314607 0.04042288557213931 0.09878277153558053
0 0.42257462686567165 0.5334737827715356 0.04042288557213931 0.09878277153558053
0 0.39987562189054726 0.540496254681648 0.04042288557213931 0.09878277153558053
0 0.3781094527363184 0.5442415730337079 0.04042288557213931 0.09878277153558053
0 0.3547885572139303 0.5507958801498127 0.04042288557213931 0.09878277153558053
0 0.3314676616915423 0.5578183520599251 0.04042288557213931 0.09878277153558053
0 0.30752487562189057 0.5648408239700374 0.04042288557213931 0.09878277153558053
0 0.2857587064676617 0.5718632958801498 0.04042288557213931 0.09878277153558053
0 0.2630597014925373 0.5798220973782772 0.04042288557213931 0.09878277153558053
0 0.24067164179104478 0.5905898876404494 0.04042288557213931 0.09878277153558053
0 0.21828358208955223 0.5985486891385767 0.04042288557213931 0.09878277153558053
0 0.1958955223880597 0.6074438202247191 0.04042288557213931 0.09878277153558053
0 0.17319651741293532 0.6163389513108615 0.04042288557213931 0.09878277153558053
0 0.14925373134328357 0.6271067415730337 0.04042288557213931 0.09878277153558053
0 0.8093905472636815 0.335440074906367 0.05472636815920398 0.09410112359550561
0 0.7854477611940298 0.35369850187265917 0.05472636815920398 0.09410112359550561
0 0.8348880597014925 0.3125 0.05472636815920398 0.09410112359550561
0 0.855410447761194 0.29002808988764045 0.05472636815920398 0.09410112359550561
0 0.8840174129353234 0.2675561797752809 0.05472636815920398 0.09410112359550561
0 0.910136815920398 0.24508426966292135 0.05472636815920398 0.09410112359550561
0 0.9347014925373134 0.22495318352059926 0.05472636815920398 0.09410112359550561
0 0.960820895522388 0.20154494382022473 0.05472636815920398 0.09410112359550561
