0 0.4595037453183521 0.4247512437810945 0.17368913857677903 0.06343283582089553
0 0.4576310861423221 0.7412935323383084 0.17837078651685392 0.06654228855721393
0 0.45107677902621723 0.8041044776119403 0.17649812734082396 0.06467661691542288
0 0.45224719101123595 0.8703358208955224 0.16573033707865167 0.06343283582089553
1 0.4473314606741573 0.9375 0.14372659176029962 0.060945273631840796
1 0.4550561797752809 0.6184701492537313 0.17322097378277154 0.06778606965174129
1 0.44499063670411987 0.488339552238806 0.15121722846441948 0.06063432835820896
1 0.4669943820224719 0.17428482587064675 0.17462546816479402 0.06312189054726368
1 0.46418539325842695 0.23896144278606965 0.1802434456928839 0.06498756218905473
1 0.461376404494382 0.30130597014925375 0.13717228464419476 0.05845771144278607
1 0.4616104868913858 0.3619402985074627 0.19101123595505617 0.06281094527363185
0 0.4571629213483146 0.6828358208955224 0.17837078651685392 0.06654228855721393
0 0.45435393258426965 0.5516169154228856 0.17837078651685392 0.06654228855721393
0 0.44662921348314605 0.9805659203980099 0.17696629213483145 0.03824626865671642
