0 0.5400280898876404 0.5749378109452736 0.17368913857677903 0.06343283582089553
0 0.5419007490636704 0.2583955223880597 0.17837078651685392 0.06654228855721393
0 0.5484550561797753 0.19558457711442787 0.17649812734082396 0.06467661691542288
0 0.5472846441947565 0.12935323383084577 0.16573033707865167 0.06343283582089553
1 0.5522003745318352 0.06218905472636816 0.14372659176029962 0.060945273631840796
1 0.5444756554307116 0.3812189054726368 0.17322097378277154 0.06778606965174129
1 0.5545411985018727 0.5113495024875622 0.15121722846441948 0.06063432835820896
1 0.5325374531835206 0.8254042288557214 0.17462546816479402 0.06312189054726368
1 0.5353464419475655 0.7607276119402985 0.1802434456928839 0.06498756218905473
1 0.5381554307116105 0.6983830845771144 0.13717228464419476 0.05845771144278607
1 0.5379213483146067 0.6377487562189055 0.19101123595505617 0.06281094527363185
0 0.5423689138576779 0.3168532338308458 0.17837078651685392 0.06654228855721393
0 0.5451779026217228 0.4480721393034826 0.17837078651685392 0.06654228855721393
0 0.5529026217228464 0.01912313432835821 0.17696629213483145 0.03824626865671642
