2 0.5013992537313433 0.516619850187266 0.05441542288557214 0.09691011235955056
0 0.5298507462686567 0.5198970037453183 0.04042288557213931 0.09878277153558053
0 0.5537935323383084 0.5287921348314607 0.04042288557213931 0.09878277153558053
0 0.5771144278606966 0.5334737827715356 0.04042288557213931 0.09878277153558053
0 0.5998134328358209 0.540496254681648 0.04042288557213931 0.09878277153558053
0 0.6215796019900498 0.5442415730337079 0.04042288557213931 0.09878277153558053
0 0.6449004975124378 0.5507958801498127 0.04042288557213931 0.09878277153558053
0 0.6682213930348259 0.5578183520599251 0.04042288557213931 0.09878277153558053
0 0.6921641791044776 0.5648408239700374 0.04042288557213931 0.09878277153558053
0 0.7139303482587065 0.5718632958801498 0.04042288557213931 0.09878277153558053
0 0.7366293532338308 0.5798220973782772 0.04042288557213931 0.09878277153558053
0 0.7590174129353234 0.5905898876404494 0.04042288557213931 0.09878277153558053
0 0.7814054726368159 0.5985486891385767 0.04042288557213931 0.09878277153558053
0 0.8037935323383084 0.6074438202247191 0.04042288557213931 0.09878277153558053
0 0.8264925373134329 0.6163389513108615 0.04042288557213931 0.09878277153558053
0 0.8504353233830846 0.6271067415730337 0.04042288557213931 0.09878277153558053
0 0.19029850746268656 0.335440074906367 0.05472636815920398 0.09410112359550561
0 0.2142412935323383 0.35369850187265917 0.05472636815920398 0.09410112359550561
0 0.16480099502487564 0.3125 0.05472636815920398 0.09410112359550561
0 0.14427860696517414 0.29002808988764045 0.05472636815920398 0.09410112359550561
0 0.11567164179104478 0.2675561797752809 0.05472636815920398 0.09410112359550561
0 0.08955223880597014 0.24508426966292135 0.05472636815920398 0.09410112359550561
0 0.06498756218905473 0.22495318352059926 0.05472636815920398 0.09410112359550561
0 0.038868159203980096 0.20154494382022473 0.05472636815920398 0.09410112359550561
