0 0.8998756218905473 0.49157303370786515 0.08955223880597014 0.23220973782771537
0 0.4701492537313433 0.5154494382022472 0.08955223880597014 0.24812734082397003
0 0.2896455223880597 0.5241104868913857 0.09856965174129353 0.24859550561797752
0 0.22870024875621892 0.5316011235955056 0.09794776119402986 0.25608614232209737
0 0.16526741293532338 0.5341760299625468 0.09856965174129353 0.2612359550561798
2 0.04213308457711443 0.5482209737827716 0.08426616915422885 0.2546816479400749
2 0.35572139303482586 0.524812734082397 0.08706467661691543 0.24906367041198502
2 0.5276741293532339 0.5131086142322098 0.0845771144278607 0.23876404494382023
2 0.6389925373134329 0.5072565543071161 0.08022388059701492 0.23735955056179775
2 0.7470460199004975 0.5014044943820225 0.07680348258706468 0.2350187265917603
2 0.7992848258706468 0.4957865168539326 0.07680348258706468 0.2303370786516854
0 0.10945273631840796 0.538623595505618 0.08955223880597014 0.25234082397003743
0 0.40951492537313433 0.5187265917602997 0.08955223880597014 0.24812734082397003
0 0.5808457711442786 0.5042134831460674 0.08955223880597014 0.24812734082397003
0 0.6921641791044776 0.5004681647940075 0.08955223880597014 0.24812734082397003
0 0.8439054726368159 0.48735955056179775 0.08955223880597014 0.24812734082397003
