0 0.5013992537313433 0.7790262172284644 0.0929726368159204 0.07865168539325842
0 0.4597325870646766 0.5292602996254682 0.08861940298507463 0.08661048689138577
1 0.4787002487562189 0.6619850187265918 0.08799751243781094 0.06273408239700375
0 0.42179726368159204 0.34901685393258425 0.08861940298507463 0.08661048689138577
0 0.4345460199004975 0.4066011235955056 0.08861940298507463 0.08661048689138577
0 0.4466728855721393 0.4660580524344569 0.08861940298507463 0.08661048689138577
0 0.4699937810945274 0.5924625468164794 0.08861940298507463 0.08661048689138577
0 0.4895833333333333 0.7165262172284644 0.08861940298507463 0.08661048689138577
0 0.5110385572139303 0.8415262172284644 0.08861940298507463 0.08661048689138577
0 0.5206778606965174 0.9094101123595506 0.08861940298507463 0.08661048689138577
0 0.5307835820895522 0.9653558052434457 0.08893034825870647 0.06835205992509363
