0 0.8998756218905473 0.5079588014981273 0.08955223880597014 0.23220973782771537
0 0.4701492537313433 0.48408239700374533 0.08955223880597014 0.24812734082397003
0 0.2896455223880597 0.47542134831460675 0.09856965174129353 0.24859550561797752
0 0.22870024875621892 0.4679307116104869 0.09794776119402986 0.25608614232209737
0 0.16526741293532338 0.4653558052434457 0.09856965174129353 0.2612359550561798
2 0.04213308457711443 0.45131086142322097 0.08426616915422885 0.2546816479400749
2 0.35572139303482586 0.4747191011235955 0.08706467661691543 0.24906367041198502
2 0.5276741293532339 0.48642322097378277 0.0845771144278607 0.23876404494382023
2 0.6389925373134329 0.4922752808988764 0.08022388059701492 0.23735955056179775
2 0.7470460199004975 0.49812734082397003 0.07680348258706468 0.2350187265917603
2 0.7992848258706468 0.5037453183520599 0.07680348258706468 0.2303370786516854
0 0.10945273631840796 0.46090823970037453 0.08955223880597014 0.25234082397003743
0 0.40951492537313433 0.48080524344569286 0.08955223880597014 0.24812734082397003
0 0.5808457711442786 0.4953183520599251 0.08955223880597014 0.24812734082397003
0 0.6921641791044776 0.499063670411985 0.08955223880597014 0.24812734082397003
0 0.8439054726368159 0.5121722846441947 0.08955223880597014 0.24812734082397003
