0 0.09981343283582089 0.5079588014981273 0.08955223880597014 0.23220973782771537
0 0.5295398009950248 0.48408239700374533 0.08955223880597014 0.24812734082397003
0 0.7100435323383084 0.47542134831460675 0.09856965174129353 0.24859550561797752
0 0.7709888059701493 0.4679307116104869 0.09794776119402986 0.25608614232209737
0 0.8344216417910447 0.4653558052434457 0.09856965174129353 0.2612359550561798
2 0.9581778606965174 0.45131086142322097 0.08426616915422885 0.2546816479400749
2 0.6439676616915423 0.4747191011235955 0.08706467661691543 0.24906367041198502
2 0.47201492537313433 0.48642322097378277 0.0845771144278607 0.23876404494382023
2 0.36069651741293535 0.4922752808988764 0.08022388059701492 0.23735955056179775
2 0.25264303482587064 0.49812734082397003 0.07680348258706468 0.2350187265917603
2 0.2004042288557214 0.5037453183520599 0.07680348258706468 0.2303370786516854
0 0.8902363184079602 0.46090823970037453 0.08955223880597014 0.25234082397003743
0 0.5901741293532339 0.48080524344569286 0.08955223880597014 0.24812734082397003
0 0.41884328358208955 0.4953183520599251 0.08955223880597014 0.24812734082397003
0 0.30752487562189057 0.499063670411985 0.08955223880597014 0.24812734082397003
0 0.15578358208955223 0.5121722846441947 0.08955223880597014 0.24812734082397003
