0 0.4230410447761194 0.7617041198501873 0.12095771144278607 0.0898876404494382
0 0.425839552238806 0.40168539325842695 0.11909203980099503 0.09550561797752809
0 0.4295708955223881 0.21676029962546817 0.12282338308457712 0.09269662921348315
1 0.4245957711442786 0.5819288389513109 0.12468905472636815 0.09082397003745318
0 0.42863805970149255 0.1254681647940075 0.12282338308457712 0.09269662921348315
0 0.4284825870646766 0.040262172284644196 0.1281094527363184 0.08052434456928839
0 0.4289490049751244 0.30758426966292135 0.12282338308457712 0.09269662921348315
0 0.42925995024875624 0.4948501872659176 0.12282338308457712 0.09269662921348315
0 0.42615049751243783 0.49953183520599254 0.12282338308457712 0.09269662921348315
0 0.41962064676616917 0.8487827715355806 0.12282338308457712 0.09269662921348315
0 0.42117537313432835 0.9410112359550562 0.12282338308457712 0.09269662921348315
