0 0.5223880597014925 0.4779962546816479 0.08768656716417911 0.22378277153558052
0 0.7591728855721394 0.462312734082397 0.07804726368159204 0.20646067415730338
0 0.8041044776119403 0.4606741573033708 0.07649253731343283 0.20786516853932585
0 0.8468594527363185 0.4583333333333333 0.07742537313432836 0.20318352059925093
0 0.888681592039801 0.45575842696629215 0.07711442786069651 0.1952247191011236
2 0.24984452736318408 0.4927434456928839 0.09172885572139304 0.23735955056179775
2 0.19138681592039802 0.49976591760299627 0.08861940298507463 0.24297752808988765
2 0.42366293532338306 0.48431647940074907 0.07991293532338309 0.22893258426966293
2 0.6223569651741293 0.47191011235955055 0.07804726368159204 0.2153558052434457
2 0.6724191542288557 0.4735486891385768 0.06871890547263682 0.21114232209737827
0 0.4701492537313433 0.48080524344569286 0.08768656716417911 0.22378277153558052
0 0.11147388059701492 0.5058520599250936 0.1302860696517413 0.2532771535580524
