0 0.4982898009950249 0.7790262172284644 0.0929726368159204 0.07865168539325842
0 0.5399564676616916 0.5292602996254682 0.08861940298507463 0.08661048689138577
1 0.5209888059701493 0.6619850187265918 0.08799751243781094 0.06273408239700375
0 0.5778917910447762 0.34901685393258425 0.08861940298507463 0.08661048689138577
0 0.5651430348258707 0.4066011235955056 0.08861940298507463 0.08661048689138577
0 0.5530161691542289 0.4660580524344569 0.08861940298507463 0.08661048689138577
0 0.5296952736318408 0.5924625468164794 0.08861940298507463 0.08661048689138577
0 0.5101057213930348 0.7165262172284644 0.08861940298507463 0.08661048689138577
0 0.48865049751243783 0.8415262172284644 0.08861940298507463 0.08661048689138577
0 0.47901119402985076 0.9094101123595506 0.08861940298507463 0.08661048689138577
0 0.4689054726368159 0.9653558052434457 0.08893034825870647 0.06835205992509363
