0 0.4962686567164179 0.6664325842696629 0.10883084577114428 0.1540262172284644
0 0.4146455223880597 0.5271535580524345 0.10789800995024876 0.14700374531835206
1 0.29446517412935325 0.3155430711610487 0.10634328358208955 0.14794007490636704
0 0.5376243781094527 0.7389981273408239 0.10883084577114428 0.1540262172284644
0 0.5768034825870647 0.8092228464419475 0.10883084577114428 0.1540262172284644
0 0.6215796019900498 0.8785112359550562 0.10883084577114428 0.1540262172284644
0 0.6602922885572139 0.9389044943820225 0.10789800995024876 0.12125468164794008
0 0.457089552238806 0.5971441947565543 0.10883084577114428 0.1540262172284644
0 0.37608830845771146 0.45646067415730335 0.10789800995024876 0.14700374531835206
0 0.3362873134328358 0.3899812734082397 0.10789800995024876 0.14700374531835206
0 0.21253109452736318 0.18071161048689138 0.10789800995024876 0.14700374531835206
0 0.17210820895522388 0.11750936329588015 0.10789800995024876 0.14700374531835206
0 0.13075248756218905 0.0599250936329588 0.10478855721393035 0.1198501872659176
