0 0.4773009950248756 0.5215355805243446 0.08768656716417911 0.22378277153558052
0 0.24051616915422885 0.5372191011235955 0.07804726368159204 0.20646067415730338
0 0.19558457711442787 0.5388576779026217 0.07649253731343283 0.20786516853932585
0 0.15282960199004975 0.5411985018726592 0.07742537313432836 0.20318352059925093
0 0.11100746268656717 0.5437734082397003 0.07711442786069651 0.1952247191011236
2 0.7498445273631841 0.5067883895131086 0.09172885572139304 0.23735955056179775
2 0.8083022388059702 0.49976591760299627 0.08861940298507463 0.24297752808988765
2 0.5760261194029851 0.5152153558052435 0.07991293532338309 0.22893258426966293
2 0.3773320895522388 0.5276217228464419 0.07804726368159204 0.2153558052434457
2 0.3272699004975124 0.5259831460674157 0.06871890547263682 0.21114232209737827
0 0.5295398009950248 0.5187265917602997 0.08768656716417911 0.22378277153558052
0 0.8882151741293532 0.4936797752808989 0.1302860696517413 0.2532771535580524
