0 0.3468594527363184 0.7415730337078652 0.10230099502487562 0.17790262172284643
0 0.619247512437811 0.43375468164794007 0.10230099502487562 0.17649812734082396
1 0.48289800995024873 0.5856741573033708 0.10883084577114428 0.18258426966292135
0 0.6649564676616916 0.3794475655430712 0.10230099502487562 0.17649812734082396
0 0.7125310945273632 0.3265449438202247 0.10478855721393035 0.17743445692883894
0 0.5726057213930348 0.48525280898876405 0.10230099502487562 0.17649812734082396
0 0.5290733830845771 0.5362827715355806 0.10230099502487562 0.17649812734082396
0 0.3935012437810945 0.6959269662921348 0.10230099502487562 0.17649812734082396
0 0.30177238805970147 0.7923689138576779 0.10230099502487562 0.17649812734082396
0 0.2585509950248756 0.8424625468164794 0.10230099502487562 0.17649812734082396
0 0.2134639303482587 0.8902153558052435 0.10230099502487562 0.17649812734082396
0 0.169931592039801 0.9269662921348315 0.10043532338308457 0.14606741573033707
0 0.10867537313432836 0.952247191011236 0.06996268656716417 0.09550561797752809
