0 0.5034203980099502 0.6664325842696629 0.10883084577114428 0.1540262172284644
0 0.5850435323383084 0.5271535580524345 0.10789800995024876 0.14700374531835206
1 0.7052238805970149 0.3155430711610487 0.10634328358208955 0.14794007490636704
0 0.4620646766169154 0.7389981273408239 0.10883084577114428 0.1540262172284644
0 0.4228855721393035 0.8092228464419475 0.10883084577114428 0.1540262172284644
0 0.3781094527363184 0.8785112359550562 0.10883084577114428 0.1540262172284644
0 0.3393967661691542 0.9389044943820225 0.10789800995024876 0.12125468164794008
0 0.5425995024875622 0.5971441947565543 0.10883084577114428 0.1540262172284644
0 0.6236007462686567 0.45646067415730335 0.10789800995024876 0.14700374531835206
0 0.6634017412935324 0.3899812734082397 0.10789800995024876 0.14700374531835206
0 0.787157960199005 0.18071161048689138 0.10789800995024876 0.14700374531835206
0 0.8275808457711443 0.11750936329588015 0.10789800995024876 0.14700374531835206
0 0.8689365671641791 0.0599250936329588 0.10478855721393035 0.1198501872659176
