0 0.4230410447761194 0.23782771535580524 0.12095771144278607 0.0898876404494382
0 0.425839552238806 0.5978464419475655 0.11909203980099503 0.09550561797752809
0 0.4295708955223881 0.7827715355805244 0.12282338308457712 0.09269662921348315
1 0.4245957711442786 0.41760299625468167 0.12468905472636815 0.09082397003745318
0 0.42863805970149255 0.8740636704119851 0.12282338308457712 0.09269662921348315
0 0.4284825870646766 0.9592696629213483 0.1281094527363184 0.08052434456928839
0 0.4289490049751244 0.6919475655430711 0.12282338308457712 0.09269662921348315
0 0.42925995024875624 0.5046816479400749 0.12282338308457712 0.09269662921348315
0 0.42615049751243783 0.5 0.12282338308457712 0.09269662921348315
0 0.41962064676616917 0.150749063670412 0.12282338308457712 0.09269662921348315
0 0.42117537313432835 0.05852059925093633 0.12282338308457712 0.09269662921348315
