0 0.5766480099502488 0.7617041198501873 0.12095771144278607 0.0898876404494382
0 0.5738495024875622 0.40168539325842695 0.11909203980099503 0.09550561797752809
0 0.5701181592039801 0.21676029962546817 0.12282338308457712 0.09269662921348315
1 0.5750932835820896 0.5819288389513109 0.12468905472636815 0.09082397003745318
0 0.5710509950248757 0.1254681647940075 0.12282338308457712 0.09269662921348315
0 0.5712064676616916 0.040262172284644196 0.1281094527363184 0.08052434456928839
0 0.5707400497512438 0.30758426966292135 0.12282338308457712 0.09269662921348315
0 0.570429104477612 0.4948501872659176 0.12282338308457712 0.09269662921348315
0 0.5735385572139303 0.49953183520599254 0.12282338308457712 0.09269662921348315
0 0.580068407960199 0.8487827715355806 0.12282338308457712 0.09269662921348315
0 0.5785136815920398 0.9410112359550562 0.12282338308457712 0.09269662921348315
