0 0.5223880597014925 0.5215355805243446 0.08768656716417911 0.22378277153558052
0 0.7591728855721394 0.5372191011235955 0.07804726368159204 0.20646067415730338
0 0.8041044776119403 0.5388576779026217 0.07649253731343283 0.20786516853932585
0 0.8468594527363185 0.5411985018726592 0.07742537313432836 0.20318352059925093
0 0.888681592039801 0.5437734082397003 0.07711442786069651 0.1952247191011236
2 0.24984452736318408 0.5067883895131086 0.09172885572139304 0.23735955056179775
2 0.19138681592039802 0.49976591760299627 0.08861940298507463 0.24297752808988765
2 0.42366293532338306 0.5152153558052435 0.07991293532338309 0.22893258426966293
2 0.6223569651741293 0.5276217228464419 0.07804726368159204 0.2153558052434457
2 0.6724191542288557 0.5259831460674157 0.06871890547263682 0.21114232209737827
0 0.4701492537313433 0.5187265917602997 0.08768656716417911 0.22378277153558052
0 0.11147388059701492 0.4936797752808989 0.1302860696517413 0.2532771535580524
