0 0.4962686567164179 0.3330992509363296 0.10883084577114428 0.1540262172284644
0 0.4146455223880597 0.47237827715355807 0.10789800995024876 0.14700374531835206
1 0.29446517412935325 0.6839887640449438 0.10634328358208955 0.14794007490636704
0 0.5376243781094527 0.26053370786516855 0.10883084577114428 0.1540262172284644
0 0.5768034825870647 0.19030898876404495 0.10883084577114428 0.1540262172284644
0 0.6215796019900498 0.12102059925093633 0.10883084577114428 0.1540262172284644
0 0.6602922885572139 0.06062734082397004 0.10789800995024876 0.12125468164794008
0 0.457089552238806 0.4023876404494382 0.10883084577114428 0.1540262172284644
0 0.37608830845771146 0.5430711610486891 0.10789800995024876 0.14700374531835206
0 0.3362873134328358 0.6095505617977528 0.10789800995024876 0.14700374531835206
0 0.21253109452736318 0.8188202247191011 0.10789800995024876 0.14700374531835206
0 0.17210820895522388 0.8820224719101124 0.10789800995024876 0.14700374531835206
0 0.13075248756218905 0.9400749063670412 0.10478855721393035 0.1198501872659176
