0 0.5013992537313433 0.2205056179775281 0.0929726368159204 0.07865168539325842
0 0.4597325870646766 0.47027153558052437 0.08861940298507463 0.08661048689138577
1 0.4787002487562189 0.33754681647940077 0.08799751243781094 0.06273408239700375
0 0.42179726368159204 0.6505149812734082 0.08861940298507463 0.08661048689138577
0 0.4345460199004975 0.5929307116104869 0.08861940298507463 0.08661048689138577
0 0.4466728855721393 0.5334737827715356 0.08861940298507463 0.08661048689138577
0 0.4699937810945274 0.4070692883895131 0.08861940298507463 0.08661048689138577
0 0.4895833333333333 0.2830056179775281 0.08861940298507463 0.08661048689138577
0 0.5110385572139303 0.1580056179775281 0.08861940298507463 0.08661048689138577
0 0.5206778606965174 0.09012172284644195 0.08861940298507463 0.08661048689138577
0 0.5307835820895522 0.03417602996254682 0.08893034825870647 0.06835205992509363
