0 0.6528296019900498 0.25795880149812733 0.10230099502487562 0.17790262172284643
0 0.3804415422885572 0.5657771535580525 0.10230099502487562 0.17649812734082396
1 0.5167910447761194 0.41385767790262173 0.10883084577114428 0.18258426966292135
0 0.3347325870646766 0.6200842696629213 0.10230099502487562 0.17649812734082396
0 0.28715796019900497 0.6729868913857678 0.10478855721393035 0.17743445692883894
0 0.4270833333333333 0.5142790262172284 0.10230099502487562 0.17649812734082396
0 0.470615671641791 0.46324906367041196 0.10230099502487562 0.17649812734082396
0 0.6061878109452736 0.3036048689138577 0.10230099502487562 0.17649812734082396
0 0.6979166666666666 0.2071629213483146 0.10230099502487562 0.17649812734082396
0 0.7411380597014925 0.15706928838951312 0.10230099502487562 0.17649812734082396
0 0.7862251243781094 0.10931647940074907 0.10230099502487562 0.17649812734082396
0 0.8297574626865671 0.07303370786516854 0.10043532338308457 0.14606741573033707
0 0.8910136815920398 0.047752808988764044 0.06996268656716417 0.09550561797752809
