0 0.5766480099502488 0.23782771535580524 0.12095771144278607 0.0898876404494382
0 0.5738495024875622 0.5978464419475655 0.11909203980099503 0.09550561797752809
0 0.5701181592039801 0.7827715355805244 0.12282338308457712 0.09269662921348315
1 0.5750932835820896 0.41760299625468167 0.12468905472636815 0.09082397003745318
0 0.5710509950248757 0.8740636704119851 0.12282338308457712 0.09269662921348315
0 0.5712064676616916 0.9592696629213483 0.1281094527363184 0.08052434456928839
0 0.5707400497512438 0.6919475655430711 0.12282338308457712 0.09269662921348315
0 0.570429104477612 0.5046816479400749 0.12282338308457712 0.09269662921348315
0 0.5735385572139303 0.5 0.12282338308457712 0.09269662921348315
0 0.580068407960199 0.150749063670412 0.12282338308457712 0.09269662921348315
0 0.5785136815920398 0.05852059925093633 0.12282338308457712 0.09269662921348315
