0 0.6528296019900498 0.7415730337078652 0.10230099502487562 0.17790262172284643
0 0.3804415422885572 0.43375468164794007 0.10230099502487562 0.17649812734082396
1 0.5167910447761194 0.5856741573033708 0.10883084577114428 0.18258426966292135
0 0.3347325870646766 0.3794475655430712 0.10230099502487562 0.17649812734082396
0 0.28715796019900497 0.3265449438202247 0.10478855721393035 0.17743445692883894
0 0.4270833333333333 0.48525280898876405 0.10230099502487562 0.17649812734082396
0 0.470615671641791 0.5362827715355806 0.10230099502487562 0.17649812734082396
0 0.6061878109452736 0.6959269662921348 0.10230099502487562 0.17649812734082396
0 0.6979166666666666 0.7923689138576779 0.10230099502487562 0.17649812734082396
0 0.7411380597014925 0.8424625468164794 0.10230099502487562 0.17649812734082396
0 0.7862251243781094 0.8902153558052435 0.10230099502487562 0.17649812734082396
0 0.8297574626865671 0.9269662921348315 0.10043532338308457 0.14606741573033707
0 0.8910136815920398 0.952247191011236 0.06996268656716417 0.09550561797752809
