0 0.3468594527363184 0.25795880149812733 0.10230099502487562 0.17790262172284643
0 0.619247512437811 0.5657771535580525 0.10230099502487562 0.17649812734082396
1 0.48289800995024873 0.41385767790262173 0.10883084577114428 0.18258426966292135
0 0.6649564676616916 0.6200842696629213 0.10230099502487562 0.17649812734082396
0 0.7125310945273632 0.6729868913857678 0.10478855721393035 0.17743445692883894
0 0.5726057213930348 0.5142790262172284 0.10230099502487562 0.17649812734082396
0 0.5290733830845771 0.46324906367041196 0.10230099502487562 0.17649812734082396
0 0.3935012437810945 0.3036048689138577 0.10230099502487562 0.17649812734082396
0 0.30177238805970147 0.2071629213483146 0.10230099502487562 0.17649812734082396
0 0.2585509950248756 0.15706928838951312 0.10230099502487562 0.17649812734082396
0 0.2134639303482587 0.10931647940074907 0.10230099502487562 0.17649812734082396
0 0.169931592039801 0.07303370786516854 0.10043532338308457 0.14606741573033707
0 0.10867537313432836 0.047752808988764044 0.06996268656716417 0.09550561797752809
