0 0.4773009950248756 0.4779962546816479 0.08768656716417911 0.22378277153558052
0 0.24051616915422885 0.462312734082397 0.07804726368159204 0.20646067415730338
0 0.19558457711442787 0.4606741573033708 0.07649253731343283 0.20786516853932585
0 0.15282960199004975 0.4583333333333333 0.07742537313432836 0.20318352059925093
0 0.11100746268656717 0.45575842696629215 0.07711442786069651 0.1952247191011236
2 0.7498445273631841 0.4927434456928839 0.09172885572139304 0.23735955056179775
2 0.8083022388059702 0.49976591760299627 0.08861940298507463 0.24297752808988765
2 0.5760261194029851 0.48431647940074907 0.07991293532338309 0.22893258426966293
2 0.3773320895522388 0.47191011235955055 0.07804726368159204 0.2153558052434457
2 0.3272699004975124 0.4735486891385768 0.06871890547263682 0.21114232209737827
0 0.5295398009950248 0.48080524344569286 0.08768656716417911 0.22378277153558052
0 0.8882151741293532 0.5058520599250936 0.1302860696517413 0.2532771535580524
