0 0.5034203980099502 0.3330992509363296 0.10883084577114428 0.1540262172284644
0 0.5850435323383084 0.47237827715355807 0.10789800995024876 0.14700374531835206
1 0.7052238805970149 0.6839887640449438 0.10634328358208955 0.14794007490636704
0 0.4620646766169154 0.26053370786516855 0.10883084577114428 0.1540262172284644
0 0.4228855721393035 0.19030898876404495 0.10883084577114428 0.1540262172284644
0 0.3781094527363184 0.12102059925093633 0.10883084577114428 0.1540262172284644
0 0.3393967661691542 0.06062734082397004 0.10789800995024876 0.12125468164794008
0 0.5425995024875622 0.4023876404494382 0.10883084577114428 0.1540262172284644
0 0.6236007462686567 0.5430711610486891 0.10789800995024876 0.14700374531835206
0 0.6634017412935324 0.6095505617977528 0.10789800995024876 0.14700374531835206
0 0.787157960199005 0.8188202247191011 0.10789800995024876 0.14700374531835206
0 0.8275808457711443 0.8820224719101124 0.10789800995024876 0.14700374531835206
0 0.8689365671641791 0.9400749063670412 0.10478855721393035 0.1198501872659176
