0 0.4982898009950249 0.2205056179775281 0.0929726368159204 0.07865168539325842
0 0.5399564676616916 0.47027153558052437 0.08861940298507463 0.08661048689138577
1 0.5209888059701493 0.33754681647940077 0.08799751243781094 0.06273408239700375
0 0.5778917910447762 0.6505149812734082 0.08861940298507463 0.08661048689138577
0 0.5651430348258707 0.5929307116104869 0.08861940298507463 0.08661048689138577
0 0.5530161691542289 0.5334737827715356 0.08861940298507463 0.08661048689138577
0 0.5296952736318408 0.4070692883895131 0.08861940298507463 0.08661048689138577
0 0.5101057213930348 0.2830056179775281 0.08861940298507463 0.08661048689138577
0 0.48865049751243783 0.1580056179775281 0.08861940298507463 0.08661048689138577
0 0.47901119402985076 0.09012172284644195 0.08861940298507463 0.08661048689138577
0 0.4689054726368159 0.03417602996254682 0.08893034825870647 0.06835205992509363
