0 0.09981343283582089 0.49157303370786515 0.08955223880597014 0.23220973782771537
0 0.5295398009950248 0.5154494382022472 0.08955223880597014 0.24812734082397003
0 0.7100435323383084 0.5241104868913857 0.09856965174129353 0.24859550561797752
0 0.7709888059701493 0.5316011235955056 0.09794776119402986 0.25608614232209737
0 0.8344216417910447 0.5341760299625468 0.09856965174129353 0.2612359550561798
2 0.9581778606965174 0.5482209737827716 0.08426616915422885 0.2546816479400749
2 0.6439676616915423 0.524812734082397 0.08706467661691543 0.24906367041198502
2 0.47201492537313433 0.5131086142322098 0.0845771144278607 0.23876404494382023
2 0.36069651741293535 0.5072565543071161 0.08022388059701492 0.23735955056179775
2 0.25264303482587064 0.5014044943820225 0.07680348258706468 0.2350187265917603
2 0.2004042288557214 0.4957865168539326 0.07680348258706468 0.2303370786516854
0 0.8902363184079602 0.538623595505618 0.08955223880597014 0.25234082397003743
0 0.5901741293532339 0.5187265917602997 0.08955223880597014 0.24812734082397003
0 0.41884328358208955 0.5042134831460674 0.08955223880597014 0.24812734082397003
0 0.30752487562189057 0.5004681647940075 0.08955223880597014 0.24812734082397003
0 0.15578358208955223 0.48735955056179775 0.08955223880597014 0.24812734082397003
