0 0.4723756906077348 0.41872427983539096 0.07044198895027624 0.05864197530864197
2 0.47703729281767954 0.16872427983539096 0.07147790055248619 0.08436213991769548
2 0.4744475138121547 0.3243312757201646 0.0718232044198895 0.05915637860082305
2 0.474792817679558 0.37088477366255146 0.07113259668508287 0.056584362139917695
2 0.4720303867403315 0.4645061728395062 0.07113259668508287 0.056584362139917695
0 0.4703038674033149 0.510545267489712 0.06837016574585636 0.05709876543209876
0 0.469267955801105 0.5547839506172839 0.06837016574585636 0.05709876543209876
0 0.4675414364640884 0.6005658436213992 0.06837016574585636 0.05709876543209876
0 0.46650552486187846 0.6448045267489712 0.06837016574585636 0.05709876543209876
0 0.4654696132596685 0.6905864197530864 0.06837016574585636 0.05709876543209876
0 0.4630524861878453 0.7322530864197531 0.06837016574585636 0.05709876543209876
0 0.4606353591160221 0.7764917695473251 0.06837016574585636 0.05709876543209876
0 0.4630524861878453 0.819701646090535 0.06837016574585636 0.05709876543209876
0 0.4592541436464088 0.8603395061728395 0.06837016574585636 0.05709876543209876
0 0.4741022099447514 0.2788065843621399 0.07044198895027624 0.05864197530864197
0 0.4763466850828729 0.23431069958847736 0.07009668508287292 0.047839506172839504
