0 0.5272790055248618 0.41872427983539096 0.07044198895027624 0.05864197530864197
2 0.5226174033149171 0.16872427983539096 0.07147790055248619 0.08436213991769548
2 0.525207182320442 0.3243312757201646 0.0718232044198895 0.05915637860082305
2 0.5248618784530387 0.37088477366255146 0.07113259668508287 0.056584362139917695
2 0.5276243093922652 0.4645061728395062 0.07113259668508287 0.056584362139917695
0 0.5293508287292817 0.510545267489712 0.06837016574585636 0.05709876543209876
0 0.5303867403314917 0.5547839506172839 0.06837016574585636 0.05709876543209876
0 0.5321132596685083 0.6005658436213992 0.06837016574585636 0.05709876543209876
0 0.5331491712707183 0.6448045267489712 0.06837016574585636 0.05709876543209876
0 0.5341850828729282 0.6905864197530864 0.06837016574585636 0.05709876543209876
0 0.5366022099447514 0.7322530864197531 0.06837016574585636 0.05709876543209876
0 0.5390193370165746 0.7764917695473251 0.06837016574585636 0.05709876543209876
0 0.5366022099447514 0.819701646090535 0.06837016574585636 0.05709876543209876
0 0.5404005524861878 0.8603395061728395 0.06837016574585636 0.05709876543209876
0 0.5255524861878453 0.2788065843621399 0.07044198895027624 0.05864197530864197
0 0.5233080110497238 0.23431069958847736 0.07009668508287292 0.047839506172839504
