0 0.4723756906077348 0.5807613168724279 0.07044198895027624 0.05864197530864197
2 0.47703729281767954 0.8307613168724279 0.07147790055248619 0.08436213991769548
2 0.4744475138121547 0.6751543209876543 0.0718232044198895 0.05915637860082305
2 0.474792817679558 0.6286008230452675 0.07113259668508287 0.056584362139917695
2 0.4720303867403315 0.5349794238683128 0.07113259668508287 0.056584362139917695
0 0.4703038674033149 0.488940329218107 0.06837016574585636 0.05709876543209876
0 0.469267955801105 0.444701646090535 0.06837016574585636 0.05709876543209876
0 0.4675414364640884 0.39891975308641975 0.06837016574585636 0.05709876543209876
0 0.46650552486187846 0.35468106995884774 0.06837016574585636 0.05709876543209876
0 0.4654696132596685 0.3088991769547325 0.06837016574585636 0.05709876543209876
0 0.4630524861878453 0.2672325102880658 0.06837016574585636 0.05709876543209876
0 0.4606353591160221 0.22299382716049382 0.06837016574585636 0.05709876543209876
0 0.4630524861878453 0.17978395061728394 0.06837016574585636 0.05709876543209876
0 0.4592541436464088 0.13914609053497942 0.06837016574585636 0.05709876543209876
0 0.4741022099447514 0.720679012345679 0.07044198895027624 0.05864197530864197
0 0.4763466850828729 0.7651748971193416 0.07009668508287292 0.047839506172839504
