0 0.5272790055248618 0.5807613168724279 0.07044198895027624 0.05864197530864197
2 0.5226174033149171 0.8307613168724279 0.07147790055248619 0.08436213991769548
2 0.525207182320442 0.6751543209876543 0.0718232044198895 0.05915637860082305
2 0.5248618784530387 0.6286008230452675 0.07113259668508287 0.056584362139917695
2 0.5276243093922652 0.5349794238683128 0.07113259668508287 0.056584362139917695
0 0.5293508287292817 0.488940329218107 0.06837016574585636 0.05709876543209876
0 0.5303867403314917 0.444701646090535 0.06837016574585636 0.05709876543209876
0 0.5321132596685083 0.39891975308641975 0.06837016574585636 0.05709876543209876
0 0.5331491712707183 0.35468106995884774 0.06837016574585636 0.05709876543209876
0 0.5341850828729282 0.3088991769547325 0.06837016574585636 0.05709876543209876
0 0.5366022099447514 0.2672325102880658 0.06837016574585636 0.05709876543209876
0 0.5390193370165746 0.22299382716049382 0.06837016574585636 0.05709876543209876
0 0.5366022099447514 0.17978395061728394 0.06837016574585636 0.05709876543209876
0 0.5404005524861878 0.13914609053497942 0.06837016574585636 0.05709876543209876
0 0.5255524861878453 0.720679012345679 0.07044198895027624 0.05864197530864197
0 0.5233080110497238 0.7651748971193416 0.07009668508287292 0.047839506172839504
