0 0.6685082872928176 0.8690843621399177 0.06906077348066299 0.05401234567901234
0 0.668853591160221 0.73559670781893 0.07044198895027624 0.05246913580246913
0 0.6667817679558011 0.6941872427983539 0.06906077348066299 0.05401234567901234
2 0.6676450276243094 0.5617283950617284 0.06733425414364641 0.056584362139917695
0 0.6667817679558011 0.5190329218106996 0.06837016574585636 0.056584362139917695
0 0.6662638121546961 0.30787037037037035 0.06664364640883978 0.048868312757201646
0 0.6678176795580111 0.2734053497942387 0.06422651933701658 0.05606995884773663
2 0.6671270718232044 0.35288065843621397 0.06767955801104972 0.05555555555555555
2 0.6671270718232044 0.6046810699588477 0.06837016574585636 0.055041152263374485
2 0.6669544198895028 0.4763374485596708 0.06871546961325967 0.05246913580246913
2 0.6676450276243094 0.6473765432098766 0.06733425414364641 0.05401234567901234
2 0.668335635359116 0.7777777777777778 0.07009668508287292 0.050411522633744855
2 0.6685082872928176 0.8274176954732511 0.06975138121546962 0.055041152263374485
2 0.6709254143646409 0.9238683127572016 0.07044198895027624 0.06893004115226338
2 0.6666091160220995 0.4367283950617284 0.06733425414364641 0.056584362139917695
2 0.6659185082872928 0.39609053497942387 0.06733425414364641 0.056584362139917695
