0 0.331146408839779 0.13040123456790123 0.06906077348066299 0.05401234567901234
0 0.3308011049723757 0.2638888888888889 0.07044198895027624 0.05246913580246913
0 0.3328729281767956 0.305298353909465 0.06906077348066299 0.05401234567901234
2 0.3320096685082873 0.43775720164609055 0.06733425414364641 0.056584362139917695
0 0.3328729281767956 0.48045267489711935 0.06837016574585636 0.056584362139917695
0 0.33339088397790057 0.6916152263374485 0.06664364640883978 0.048868312757201646
0 0.33183701657458564 0.7260802469135802 0.06422651933701658 0.05606995884773663
2 0.33252762430939226 0.6466049382716049 0.06767955801104972 0.05555555555555555
2 0.33252762430939226 0.3948045267489712 0.06837016574585636 0.055041152263374485
2 0.3327002762430939 0.5231481481481481 0.06871546961325967 0.05246913580246913
2 0.3320096685082873 0.35210905349794236 0.06733425414364641 0.05401234567901234
2 0.33131906077348067 0.22170781893004116 0.07009668508287292 0.050411522633744855
2 0.331146408839779 0.1720679012345679 0.06975138121546962 0.055041152263374485
2 0.3287292817679558 0.07561728395061729 0.07044198895027624 0.06893004115226338
2 0.33304558011049723 0.5627572016460906 0.06733425414364641 0.056584362139917695
2 0.33373618784530384 0.6033950617283951 0.06733425414364641 0.056584362139917695
