0 0.47901119402985076 0.32303370786516855 0.07136194029850747 0.05407303370786517
0 0.4786613805970149 0.2691362359550562 0.07159514925373134 0.056530898876404494
1 0.49113805970149255 0.6393960674157303 0.07042910447761194 0.05266853932584269
0 0.470732276119403 0.046875 0.07159514925373134 0.056530898876404494
0 0.47189832089552236 0.10481039325842696 0.07159514925373134 0.056530898876404494
0 0.4739972014925373 0.159936797752809 0.07159514925373134 0.056530898876404494
0 0.47562966417910446 0.21646769662921347 0.07159514925373134 0.056530898876404494
0 0.48169309701492535 0.37833567415730335 0.07159514925373134 0.056530898876404494
0 0.4821595149253731 0.4334620786516854 0.07159514925373134 0.056530898876404494
0 0.4861240671641791 0.4861306179775281 0.07159514925373134 0.056530898876404494
0 0.488222947761194 0.5398525280898876 0.07159514925373134 0.056530898876404494
0 0.488222947761194 0.590063202247191 0.07159514925373134 0.056530898876404494
0 0.4942863805970149 0.6954002808988764 0.07159514925373134 0.056530898876404494
0 0.4947527985074627 0.746313202247191 0.07159514925373134 0.056530898876404494
0 0.49755130597014924 0.8024929775280899 0.07159514925373134 0.056530898876404494
