0 0.5204057835820896 0.2245435393258427 0.08092350746268656 0.06495786516853932
2 0.5232042910447762 0.09515449438202248 0.0804570895522388 0.07373595505617977
0 0.5227378731343284 0.16169241573033707 0.08092350746268656 0.06495786516853932
0 0.5192397388059702 0.2873946629213483 0.08092350746268656 0.06495786516853932
0 0.5171408582089553 0.3495435393258427 0.08092350746268656 0.06495786516853932
0 0.5138759328358209 0.4116924157303371 0.08092350746268656 0.06495786516853932
0 0.5122434701492538 0.4727879213483146 0.08092350746268656 0.06495786516853932
0 0.5101445895522388 0.534936797752809 0.08092350746268656 0.06495786516853932
0 0.5089785447761194 0.5953300561797753 0.08092350746268656 0.06495786516853932
0 0.5068796641791045 0.6564255617977528 0.08092350746268656 0.06495786516853932
0 0.5024486940298507 0.7175210674157303 0.08092350746268656 0.06495786516853932
0 0.5024486940298507 0.780372191011236 0.08092350746268656 0.06495786516853932
0 0.5012826492537313 0.8383075842696629 0.08092350746268656 0.06495786516853932
0 0.5024486940298507 0.8992275280898876 0.08092350746268656 0.0625
