0 0.5268190298507462 0.0877808988764045 0.09794776119402986 0.0800561797752809
0 0.5265858208955224 0.21523876404494383 0.09934701492537314 0.08497191011235955
0 0.5218050373134329 0.5502106741573034 0.10377798507462686 0.08637640449438203
0 0.5208722014925373 0.6966292134831461 0.10797574626865672 0.08567415730337079
2 0.5265858208955224 0.15203651685393257 0.09794776119402986 0.08146067415730338
2 0.5247201492537313 0.34638342696629215 0.09934701492537314 0.08813202247191011
2 0.5204057835820896 0.7724719101123596 0.10564365671641791 0.08567415730337079
2 0.5188899253731343 0.9364466292134831 0.10634328358208955 0.11587078651685394
0 0.5208722014925373 0.8465589887640449 0.10797574626865672 0.08567415730337079
0 0.5220382462686567 0.6207865168539326 0.10797574626865672 0.08567415730337079
0 0.5227378731343284 0.48174157303370785 0.10797574626865672 0.08567415730337079
0 0.5215718283582089 0.4157303370786517 0.10797574626865672 0.08567415730337079
0 0.5246035447761194 0.28019662921348315 0.10797574626865672 0.08567415730337079
0 0.5297341417910447 0.03739466292134831 0.09538246268656717 0.07478932584269662
