0 0.5268190298507462 0.9118679775280899 0.09794776119402986 0.0800561797752809
0 0.5265858208955224 0.7844101123595506 0.09934701492537314 0.08497191011235955
0 0.5218050373134329 0.449438202247191 0.10377798507462686 0.08637640449438203
0 0.5208722014925373 0.3030196629213483 0.10797574626865672 0.08567415730337079
2 0.5265858208955224 0.8476123595505618 0.09794776119402986 0.08146067415730338
2 0.5247201492537313 0.6532654494382022 0.09934701492537314 0.08813202247191011
2 0.5204057835820896 0.22717696629213482 0.10564365671641791 0.08567415730337079
2 0.5188899253731343 0.06320224719101124 0.10634328358208955 0.11587078651685394
0 0.5208722014925373 0.15308988764044945 0.10797574626865672 0.08567415730337079
0 0.5220382462686567 0.3788623595505618 0.10797574626865672 0.08567415730337079
0 0.5227378731343284 0.5179073033707865 0.10797574626865672 0.08567415730337079
0 0.5215718283582089 0.5839185393258427 0.10797574626865672 0.08567415730337079
0 0.5246035447761194 0.7194522471910112 0.10797574626865672 0.08567415730337079
0 0.5297341417910447 0.9626053370786517 0.09538246268656717 0.07478932584269662
