1 0.3974401595744681 0.46675 0.14261968085106383 0.2315
1 0.4965093085106383 0.325 0.12267287234042554 0.196
0 0.18101728723404256 0.72025 0.13663563829787234 0.2295
0 0.23287898936170212 0.65725 0.13530585106382978 0.2345
0 0.2867353723404255 0.59325 0.13530585106382978 0.2345
0 0.12283909574468085 0.78825 0.13530585106382978 0.2345
0 0.6128656914893617 0.22675 0.13530585106382978 0.2345
0 0.6643949468085106 0.16775 0.13530585106382978 0.2345
0 0.7170877659574468 0.11425 0.1356382978723404 0.2285
0 0.0678191489361702 0.85225 0.1356382978723404 0.2285
