0 0.5204057835820896 0.7751053370786517 0.08092350746268656 0.06495786516853932
2 0.5232042910447762 0.9044943820224719 0.0804570895522388 0.07373595505617977
0 0.5227378731343284 0.8379564606741573 0.08092350746268656 0.06495786516853932
0 0.5192397388059702 0.7122542134831461 0.08092350746268656 0.06495786516853932
0 0.5171408582089553 0.6501053370786517 0.08092350746268656 0.06495786516853932
0 0.5138759328358209 0.5879564606741573 0.08092350746268656 0.06495786516853932
0 0.5122434701492538 0.5268609550561798 0.08092350746268656 0.06495786516853932
0 0.5101445895522388 0.4647120786516854 0.08092350746268656 0.06495786516853932
0 0.5089785447761194 0.4043188202247191 0.08092350746268656 0.06495786516853932
0 0.5068796641791045 0.34322331460674155 0.08092350746268656 0.06495786516853932
0 0.5024486940298507 0.28212780898876405 0.08092350746268656 0.06495786516853932
0 0.5024486940298507 0.21927668539325842 0.08092350746268656 0.06495786516853932
0 0.5012826492537313 0.16134129213483145 0.08092350746268656 0.06495786516853932
0 0.5024486940298507 0.10042134831460674 0.08092350746268656 0.0625
