0 0.5434934701492538 0.5430126404494382 0.09444962686567164 0.07478932584269662
2 0.5541044776119403 0.8567415730337079 0.09794776119402986 0.10603932584269662
0 0.5486240671641791 0.7210323033707865 0.09398320895522388 0.07900280898876405
0 0.5502565298507462 0.6630969101123596 0.09398320895522388 0.07900280898876405
0 0.5460587686567164 0.6023525280898876 0.09398320895522388 0.07900280898876405
0 0.5439598880597015 0.4878862359550562 0.09444962686567164 0.07478932584269662
0 0.5392957089552238 0.42643960674157305 0.09444962686567164 0.07478932584269662
0 0.5381296641791045 0.371313202247191 0.09444962686567164 0.07478932584269662
0 0.5346315298507462 0.31513342696629215 0.09444962686567164 0.07478932584269662
0 0.5315998134328358 0.25895365168539325 0.09444962686567164 0.07478932584269662
0 0.5315998134328358 0.20207162921348315 0.09444962686567164 0.07478932584269662
0 0.5292677238805971 0.14940308988764045 0.09444962686567164 0.07478932584269662
0 0.5292677238805971 0.09146769662921349 0.09444962686567164 0.07478932584269662
