0 0.5009328358208955 0.246313202247191 0.0914179104477612 0.07689606741573034
0 0.503847947761194 0.19066011235955055 0.09398320895522388 0.07654494382022473
0 0.4923041044776119 0.4339887640449438 0.0960820895522388 0.08146067415730338
2 0.49906716417910446 0.3105688202247191 0.09375 0.08532303370786516
2 0.5078125 0.07373595505617977 0.09118470149253731 0.08075842696629214
2 0.48017723880597013 0.8512991573033708 0.10634328358208955 0.11832865168539326
2 0.5054804104477612 0.1288623595505618 0.09118470149253731 0.08075842696629214
2 0.4846082089552239 0.6989115168539326 0.0960820895522388 0.08813202247191011
2 0.486240671641791 0.6281601123595506 0.09701492537313433 0.08356741573033707
0 0.4867070895522388 0.5677668539325843 0.09701492537313433 0.07092696629213484
2 0.4884561567164179 0.4982443820224719 0.09678171641791045 0.07865168539325842
2 0.4956856343283582 0.37008426966292135 0.09678171641791045 0.07865168539325842
0 0.48157649253731344 0.7612359550561798 0.09701492537313433 0.07092696629213484
