0 0.44951026119402987 0.6904845505617978 0.12383395522388059 0.10639044943820225
0 0.44811100746268656 0.8872893258426966 0.12849813432835822 0.15519662921348315
1 0.4509095149253731 0.42047050561797755 0.1201026119402985 0.09726123595505617
1 0.44811100746268656 0.31724016853932585 0.11916977611940298 0.09726123595505617
0 0.45020988805970147 0.8067064606741573 0.12383395522388059 0.10639044943820225
0 0.4478777985074627 0.7487710674157303 0.12383395522388059 0.10639044943820225
0 0.45184235074626866 0.636060393258427 0.12383395522388059 0.10639044943820225
0 0.45184235074626866 0.5816362359550562 0.12383395522388059 0.10639044943820225
0 0.45184235074626866 0.5258075842696629 0.12383395522388059 0.10639044943820225
0 0.45184235074626866 0.47524578651685395 0.12383395522388059 0.10639044943820225
0 0.4505597014925373 0.2189255617977528 0.11567164179104478 0.09936797752808989
0 0.451259328358209 0.17152387640449437 0.11567164179104478 0.09936797752808989
0 0.45405783582089554 0.1192064606741573 0.11567164179104478 0.09936797752808989
0 0.45359141791044777 0.07004915730337079 0.11567164179104478 0.09936797752808989
