0 0.44951026119402987 0.30916432584269665 0.12383395522388059 0.10639044943820225
0 0.44811100746268656 0.11235955056179775 0.12849813432835822 0.15519662921348315
1 0.4509095149253731 0.5791783707865169 0.1201026119402985 0.09726123595505617
1 0.44811100746268656 0.6824087078651685 0.11916977611940298 0.09726123595505617
0 0.45020988805970147 0.19294241573033707 0.12383395522388059 0.10639044943820225
0 0.4478777985074627 0.25087780898876405 0.12383395522388059 0.10639044943820225
0 0.45184235074626866 0.3635884831460674 0.12383395522388059 0.10639044943820225
0 0.45184235074626866 0.4180126404494382 0.12383395522388059 0.10639044943820225
0 0.45184235074626866 0.47384129213483145 0.12383395522388059 0.10639044943820225
0 0.45184235074626866 0.5244030898876404 0.12383395522388059 0.10639044943820225
0 0.4505597014925373 0.7807233146067416 0.11567164179104478 0.09936797752808989
0 0.451259328358209 0.828125 0.11567164179104478 0.09936797752808989
0 0.45405783582089554 0.8804424157303371 0.11567164179104478 0.09936797752808989
0 0.45359141791044777 0.9295997191011236 0.11567164179104478 0.09936797752808989
