0 0.534981343283582 0.7213834269662921 0.11986940298507463 0.09304775280898876
0 0.5518889925373134 0.17608848314606743 0.12383395522388059 0.09515449438202248
0 0.5405783582089553 0.5389747191011236 0.11800373134328358 0.09269662921348315
1 0.5500233208955224 0.36007724719101125 0.1201026119402985 0.09094101123595505
0 0.5306669776119403 0.9027387640449438 0.1177705223880597 0.09480337078651685
0 0.5327658582089553 0.8107443820224719 0.11730410447761194 0.08637640449438203
0 0.5373134328358209 0.6299157303370787 0.12126865671641791 0.0898876404494382
0 0.5444263059701493 0.44838483146067415 0.1201026119402985 0.09410112359550561
0 0.550722947761194 0.2633426966292135 0.11963619402985075 0.09480337078651685
0 0.5551539179104478 0.07672050561797752 0.12383395522388059 0.09515449438202248
0 0.5263526119402985 0.9747191011235955 0.11520522388059702 0.05056179775280899
0 0.5580690298507462 0.01580056179775281 0.12313432835820895 0.03160112359550562
