0 0.5502565298507462 0.6904845505617978 0.12383395522388059 0.10639044943820225
0 0.5516557835820896 0.8872893258426966 0.12849813432835822 0.15519662921348315
1 0.5488572761194029 0.42047050561797755 0.1201026119402985 0.09726123595505617
1 0.5516557835820896 0.31724016853932585 0.11916977611940298 0.09726123595505617
0 0.5495569029850746 0.8067064606741573 0.12383395522388059 0.10639044943820225
0 0.5518889925373134 0.7487710674157303 0.12383395522388059 0.10639044943820225
0 0.5479244402985075 0.636060393258427 0.12383395522388059 0.10639044943820225
0 0.5479244402985075 0.5816362359550562 0.12383395522388059 0.10639044943820225
0 0.5479244402985075 0.5258075842696629 0.12383395522388059 0.10639044943820225
0 0.5479244402985075 0.47524578651685395 0.12383395522388059 0.10639044943820225
0 0.5492070895522388 0.2189255617977528 0.11567164179104478 0.09936797752808989
0 0.5485074626865671 0.17152387640449437 0.11567164179104478 0.09936797752808989
0 0.5457089552238806 0.1192064606741573 0.11567164179104478 0.09936797752808989
0 0.5461753731343284 0.07004915730337079 0.11567164179104478 0.09936797752808989
