0 0.47901119402985076 0.6766151685393258 0.07136194029850747 0.05407303370786517
0 0.4786613805970149 0.7305126404494382 0.07159514925373134 0.056530898876404494
1 0.49113805970149255 0.36025280898876405 0.07042910447761194 0.05266853932584269
0 0.470732276119403 0.9527738764044944 0.07159514925373134 0.056530898876404494
0 0.47189832089552236 0.8948384831460674 0.07159514925373134 0.056530898876404494
0 0.4739972014925373 0.8397120786516854 0.07159514925373134 0.056530898876404494
0 0.47562966417910446 0.7831811797752809 0.07159514925373134 0.056530898876404494
0 0.48169309701492535 0.621313202247191 0.07159514925373134 0.056530898876404494
0 0.4821595149253731 0.566186797752809 0.07159514925373134 0.056530898876404494
0 0.4861240671641791 0.5135182584269663 0.07159514925373134 0.056530898876404494
0 0.488222947761194 0.45979634831460675 0.07159514925373134 0.056530898876404494
0 0.488222947761194 0.40958567415730335 0.07159514925373134 0.056530898876404494
0 0.4942863805970149 0.304248595505618 0.07159514925373134 0.056530898876404494
0 0.4947527985074627 0.25333567415730335 0.07159514925373134 0.056530898876404494
0 0.49755130597014924 0.1971558988764045 0.07159514925373134 0.056530898876404494
