0 0.45627332089552236 0.5430126404494382 0.09444962686567164 0.07478932584269662
2 0.4456623134328358 0.8567415730337079 0.09794776119402986 0.10603932584269662
0 0.451142723880597 0.7210323033707865 0.09398320895522388 0.07900280898876405
0 0.44951026119402987 0.6630969101123596 0.09398320895522388 0.07900280898876405
0 0.4537080223880597 0.6023525280898876 0.09398320895522388 0.07900280898876405
0 0.45580690298507465 0.4878862359550562 0.09444962686567164 0.07478932584269662
0 0.46047108208955223 0.42643960674157305 0.09444962686567164 0.07478932584269662
0 0.46163712686567165 0.371313202247191 0.09444962686567164 0.07478932584269662
0 0.46513526119402987 0.31513342696629215 0.09444962686567164 0.07478932584269662
0 0.4681669776119403 0.25895365168539325 0.09444962686567164 0.07478932584269662
0 0.4681669776119403 0.20207162921348315 0.09444962686567164 0.07478932584269662
0 0.4704990671641791 0.14940308988764045 0.09444962686567164 0.07478932584269662
0 0.4704990671641791 0.09146769662921349 0.09444962686567164 0.07478932584269662
