0 0.5264295212765957 0.61525 0.12865691489361702 0.2145
0 0.23587101063829788 0.55575 0.14727393617021275 0.2185
1 0.47357047872340424 0.2475 0.1293218085106383 0.205
1 0.41805186170212766 0.33325 0.13929521276595744 0.2145
0 0.29554521276595747 0.90225 0.13829787234042554 0.1945
0 0.3533909574468085 0.83425 0.13430851063829788 0.2085
0 0.41256648936170215 0.76075 0.13430851063829788 0.2085
0 0.4712433510638298 0.686 0.13331117021276595 0.212
0 0.6434507978723404 0.4645 0.13331117021276595 0.212
0 0.7049534574468085 0.3935 0.13331117021276595 0.212
0 0.7621343085106383 0.3155 0.13331117021276595 0.212
0 0.8243018617021277 0.238 0.13331117021276595 0.212
0 0.8881316489361702 0.166 0.13331117021276595 0.212
0 0.1840093085106383 0.62725 0.14727393617021275 0.2185
0 0.12749335106382978 0.70625 0.14727393617021275 0.2185
0 0.06732047872340426 0.78575 0.1346409574468085 0.2185
0 0.29986702127659576 0.4815 0.13696808510638298 0.216
0 0.5369015957446809 0.1725 0.13696808510638298 0.216
0 0.598404255319149 0.108 0.13696808510638298 0.216
0 0.940658244680851 0.10025 0.11868351063829788 0.2005
