0 0.47294776119402987 0.9118679775280899 0.09794776119402986 0.0800561797752809
0 0.47318097014925375 0.7844101123595506 0.09934701492537314 0.08497191011235955
0 0.4779617537313433 0.449438202247191 0.10377798507462686 0.08637640449438203
0 0.4788945895522388 0.3030196629213483 0.10797574626865672 0.08567415730337079
2 0.47318097014925375 0.8476123595505618 0.09794776119402986 0.08146067415730338
2 0.4750466417910448 0.6532654494382022 0.09934701492537314 0.08813202247191011
2 0.47936100746268656 0.22717696629213482 0.10564365671641791 0.08567415730337079
2 0.4808768656716418 0.06320224719101124 0.10634328358208955 0.11587078651685394
0 0.4788945895522388 0.15308988764044945 0.10797574626865672 0.08567415730337079
0 0.4777285447761194 0.3788623595505618 0.10797574626865672 0.08567415730337079
0 0.47702891791044777 0.5179073033707865 0.10797574626865672 0.08567415730337079
0 0.47819496268656714 0.5839185393258427 0.10797574626865672 0.08567415730337079
0 0.4751632462686567 0.7194522471910112 0.10797574626865672 0.08567415730337079
0 0.47003264925373134 0.9626053370786517 0.09538246268656717 0.07478932584269662
