0 0.534981343283582 0.27826544943820225 0.11986940298507463 0.09304775280898876
0 0.5518889925373134 0.823560393258427 0.12383395522388059 0.09515449438202248
0 0.5405783582089553 0.4606741573033708 0.11800373134328358 0.09269662921348315
1 0.5500233208955224 0.6395716292134831 0.1201026119402985 0.09094101123595505
0 0.5306669776119403 0.09691011235955056 0.1177705223880597 0.09480337078651685
0 0.5327658582089553 0.18890449438202248 0.11730410447761194 0.08637640449438203
0 0.5373134328358209 0.36973314606741575 0.12126865671641791 0.0898876404494382
0 0.5444263059701493 0.5512640449438202 0.1201026119402985 0.09410112359550561
0 0.550722947761194 0.7363061797752809 0.11963619402985075 0.09480337078651685
0 0.5551539179104478 0.9229283707865169 0.12383395522388059 0.09515449438202248
0 0.5263526119402985 0.025280898876404494 0.11520522388059702 0.05056179775280899
0 0.5580690298507462 0.9838483146067416 0.12313432835820895 0.03160112359550562
