0 0.4380830223880597 0.5577598314606742 0.06459888059701492 0.14501404494382023
1 0.5613339552238806 0.4982443820224719 0.07276119402985075 0.13904494382022473
0 0.47819496268656714 0.5398525280898876 0.06459888059701492 0.14501404494382023
0 0.6101912313432836 0.48191713483146065 0.06459888059701492 0.14501404494382023
0 0.6519356343283582 0.46400983146067415 0.06459888059701492 0.14501404494382023
0 0.6983442164179104 0.4468047752808989 0.06459888059701492 0.14501404494382023
0 0.7389225746268657 0.4313553370786517 0.06459888059701492 0.14501404494382023
0 0.3984375 0.5749648876404494 0.06459888059701492 0.14501404494382023
0 0.35669309701492535 0.5942766853932584 0.06459888059701492 0.14501404494382023
0 0.31494869402985076 0.6135884831460674 0.06459888059701492 0.14501404494382023
0 0.27437033582089554 0.6311446629213483 0.06459888059701492 0.14501404494382023
0 0.23215951492537312 0.6515098314606742 0.06459888059701492 0.14501404494382023
0 0.19344682835820895 0.6683637640449438 0.06459888059701492 0.14501404494382023
0 0.15473414179104478 0.6876755617977528 0.06459888059701492 0.14501404494382023
0 0.11648787313432836 0.7045294943820225 0.06459888059701492 0.14501404494382023
