0 0.5207555970149254 0.6766151685393258 0.07136194029850747 0.05407303370786517
0 0.5211054104477612 0.7305126404494382 0.07159514925373134 0.056530898876404494
1 0.5086287313432836 0.36025280898876405 0.07042910447761194 0.05266853932584269
0 0.5290345149253731 0.9527738764044944 0.07159514925373134 0.056530898876404494
0 0.5278684701492538 0.8948384831460674 0.07159514925373134 0.056530898876404494
0 0.5257695895522388 0.8397120786516854 0.07159514925373134 0.056530898876404494
0 0.5241371268656716 0.7831811797752809 0.07159514925373134 0.056530898876404494
0 0.5180736940298507 0.621313202247191 0.07159514925373134 0.056530898876404494
0 0.5176072761194029 0.566186797752809 0.07159514925373134 0.056530898876404494
0 0.5136427238805971 0.5135182584269663 0.07159514925373134 0.056530898876404494
0 0.511543843283582 0.45979634831460675 0.07159514925373134 0.056530898876404494
0 0.511543843283582 0.40958567415730335 0.07159514925373134 0.056530898876404494
0 0.5054804104477612 0.304248595505618 0.07159514925373134 0.056530898876404494
0 0.5050139925373134 0.25333567415730335 0.07159514925373134 0.056530898876404494
0 0.5022154850746269 0.1971558988764045 0.07159514925373134 0.056530898876404494
