0 0.4380830223880597 0.4418890449438202 0.06459888059701492 0.14501404494382023
1 0.5613339552238806 0.5014044943820225 0.07276119402985075 0.13904494382022473
0 0.47819496268656714 0.45979634831460675 0.06459888059701492 0.14501404494382023
0 0.6101912313432836 0.5177317415730337 0.06459888059701492 0.14501404494382023
0 0.6519356343283582 0.5356390449438202 0.06459888059701492 0.14501404494382023
0 0.6983442164179104 0.5528441011235955 0.06459888059701492 0.14501404494382023
0 0.7389225746268657 0.5682935393258427 0.06459888059701492 0.14501404494382023
0 0.3984375 0.42468398876404495 0.06459888059701492 0.14501404494382023
0 0.35669309701492535 0.40537219101123595 0.06459888059701492 0.14501404494382023
0 0.31494869402985076 0.38606039325842695 0.06459888059701492 0.14501404494382023
0 0.27437033582089554 0.36850421348314605 0.06459888059701492 0.14501404494382023
0 0.23215951492537312 0.3481390449438202 0.06459888059701492 0.14501404494382023
0 0.19344682835820895 0.33128511235955055 0.06459888059701492 0.14501404494382023
0 0.15473414179104478 0.31197331460674155 0.06459888059701492 0.14501404494382023
0 0.11648787313432836 0.2951193820224719 0.06459888059701492 0.14501404494382023
