0 0.5072294776119403 0.7507022471910112 0.09235074626865672 0.07584269662921349
0 0.48880597014925375 0.16467696629213482 0.08208955223880597 0.06671348314606741
0 0.49055503731343286 0.21242977528089887 0.08232276119402986 0.06811797752808989
0 0.49323694029850745 0.265625 0.08488805970149253 0.07549157303370786
2 0.4857742537313433 0.0721558988764045 0.08115671641791045 0.07338483146067416
2 0.49580223880597013 0.36183286516853935 0.08488805970149253 0.06566011235955056
2 0.4935867537313433 0.3181179775280899 0.08372201492537314 0.07443820224719101
2 0.49638526119402987 0.41537921348314605 0.0865205223880597 0.0723314606741573
2 0.49871735074626866 0.4741924157303371 0.0865205223880597 0.07549157303370786
2 0.5019822761194029 0.5804073033707865 0.08791977611940298 0.07865168539325842
2 0.5046641791044776 0.6945224719101124 0.09188432835820895 0.07865168539325842
2 0.4947527985074627 0.8792134831460674 0.06786380597014925 0.0997191011235955
0 0.503847947761194 0.6297401685393258 0.09305037313432836 0.06776685393258428
0 0.5003498134328358 0.5244030898876404 0.08698694029850747 0.06987359550561797
2 0.48915578358208955 0.1170997191011236 0.07859141791044776 0.06495786516853932
