0 0.4837919776119403 0.5832162921348315 0.07765858208955224 0.0625
2 0.4855410447761194 0.8707865168539326 0.08115671641791045 0.09058988764044944
0 0.4849580223880597 0.8019662921348315 0.07765858208955224 0.0625
0 0.4837919776119403 0.7475421348314607 0.07765858208955224 0.0625
0 0.4844916044776119 0.6913623595505618 0.07765858208955224 0.0625
0 0.4828591417910448 0.6376404494382022 0.07765858208955224 0.0625
0 0.48157649253731344 0.5280898876404494 0.07742537313432836 0.05547752808988764
0 0.4822761194029851 0.47542134831460675 0.07742537313432836 0.05547752808988764
0 0.4829757462686567 0.42450842696629215 0.07742537313432836 0.05547752808988764
0 0.482509328358209 0.37429775280898875 0.07742537313432836 0.05547752808988764
0 0.48367537313432835 0.32162921348314605 0.07742537313432836 0.05547752808988764
0 0.48367537313432835 0.27212078651685395 0.07742537313432836 0.05547752808988764
0 0.48367537313432835 0.22191011235955055 0.07742537313432836 0.05547752808988764
0 0.484375 0.16924157303370788 0.07742537313432836 0.05547752808988764
0 0.4855410447761194 0.11973314606741572 0.07742537313432836 0.05547752808988764
0 0.48903917910447764 0.06882022471910113 0.07742537313432836 0.05547752808988764
