0 0.5149253731343284 0.7010182584269663 0.08628731343283583 0.06917134831460674
2 0.5114272388059702 0.8411165730337079 0.08815298507462686 0.10428370786516854
0 0.5142257462686567 0.5788272471910112 0.08628731343283583 0.06917134831460674
2 0.5165578358208955 0.6409761235955056 0.08768656716417911 0.06285112359550561
0 0.5142257462686567 0.5261587078651685 0.08628731343283583 0.06917134831460674
0 0.5146921641791045 0.46927668539325845 0.08628731343283583 0.06917134831460674
0 0.5151585820895522 0.4123946629213483 0.08628731343283583 0.06917134831460674
0 0.5121268656716418 0.35797050561797755 0.08628731343283583 0.06917134831460674
0 0.515625 0.3010884831460674 0.08628731343283583 0.06917134831460674
0 0.5172574626865671 0.24490870786516855 0.08628731343283583 0.06917134831460674
0 0.5160914179104478 0.1932935393258427 0.08628731343283583 0.06917134831460674
0 0.5137593283582089 0.14343398876404495 0.08628731343283583 0.06917134831460674
0 0.5167910447761194 0.08655196629213484 0.08628731343283583 0.06917134831460674
