0 0.5159748134328358 0.4164325842696629 0.07765858208955224 0.0625
2 0.5142257462686567 0.1288623595505618 0.08115671641791045 0.09058988764044944
0 0.5148087686567164 0.19768258426966293 0.07765858208955224 0.0625
0 0.5159748134328358 0.2521067415730337 0.07765858208955224 0.0625
0 0.5152751865671642 0.3082865168539326 0.07765858208955224 0.0625
0 0.5169076492537313 0.36200842696629215 0.07765858208955224 0.0625
0 0.5181902985074627 0.47155898876404495 0.07742537313432836 0.05547752808988764
0 0.5174906716417911 0.5242275280898876 0.07742537313432836 0.05547752808988764
0 0.5167910447761194 0.5751404494382022 0.07742537313432836 0.05547752808988764
0 0.5172574626865671 0.6253511235955056 0.07742537313432836 0.05547752808988764
0 0.5160914179104478 0.6780196629213483 0.07742537313432836 0.05547752808988764
0 0.5160914179104478 0.7275280898876404 0.07742537313432836 0.05547752808988764
0 0.5160914179104478 0.7777387640449438 0.07742537313432836 0.05547752808988764
0 0.5153917910447762 0.8304073033707865 0.07742537313432836 0.05547752808988764
0 0.5142257462686567 0.8799157303370787 0.07742537313432836 0.05547752808988764
0 0.5107276119402985 0.9308286516853933 0.07742537313432836 0.05547752808988764
