0 0.4925373134328358 0.7507022471910112 0.09235074626865672 0.07584269662921349
0 0.5109608208955224 0.16467696629213482 0.08208955223880597 0.06671348314606741
0 0.5092117537313433 0.21242977528089887 0.08232276119402986 0.06811797752808989
0 0.5065298507462687 0.265625 0.08488805970149253 0.07549157303370786
2 0.5139925373134329 0.0721558988764045 0.08115671641791045 0.07338483146067416
2 0.503964552238806 0.36183286516853935 0.08488805970149253 0.06566011235955056
2 0.5061800373134329 0.3181179775280899 0.08372201492537314 0.07443820224719101
2 0.5033815298507462 0.41537921348314605 0.0865205223880597 0.0723314606741573
2 0.5010494402985075 0.4741924157303371 0.0865205223880597 0.07549157303370786
2 0.4977845149253731 0.5804073033707865 0.08791977611940298 0.07865168539325842
2 0.49510261194029853 0.6945224719101124 0.09188432835820895 0.07865168539325842
2 0.5050139925373134 0.8792134831460674 0.06786380597014925 0.0997191011235955
0 0.4959188432835821 0.6297401685393258 0.09305037313432836 0.06776685393258428
0 0.4994169776119403 0.5244030898876404 0.08698694029850747 0.06987359550561797
2 0.5106110074626866 0.1170997191011236 0.07859141791044776 0.06495786516853932
