0 0.45627332089552236 0.4566362359550562 0.09444962686567164 0.07478932584269662
2 0.4456623134328358 0.14290730337078653 0.09794776119402986 0.10603932584269662
0 0.451142723880597 0.27861657303370785 0.09398320895522388 0.07900280898876405
0 0.44951026119402987 0.33655196629213485 0.09398320895522388 0.07900280898876405
0 0.4537080223880597 0.39729634831460675 0.09398320895522388 0.07900280898876405
0 0.45580690298507465 0.5117626404494382 0.09444962686567164 0.07478932584269662
0 0.46047108208955223 0.5732092696629213 0.09444962686567164 0.07478932584269662
0 0.46163712686567165 0.6283356741573034 0.09444962686567164 0.07478932584269662
0 0.46513526119402987 0.6845154494382022 0.09444962686567164 0.07478932584269662
0 0.4681669776119403 0.7406952247191011 0.09444962686567164 0.07478932584269662
0 0.4681669776119403 0.7975772471910112 0.09444962686567164 0.07478932584269662
0 0.4704990671641791 0.8502457865168539 0.09444962686567164 0.07478932584269662
0 0.4704990671641791 0.9081811797752809 0.09444962686567164 0.07478932584269662
