0 0.5502565298507462 0.30916432584269665 0.12383395522388059 0.10639044943820225
0 0.5516557835820896 0.11235955056179775 0.12849813432835822 0.15519662921348315
1 0.5488572761194029 0.5791783707865169 0.1201026119402985 0.09726123595505617
1 0.5516557835820896 0.6824087078651685 0.11916977611940298 0.09726123595505617
0 0.5495569029850746 0.19294241573033707 0.12383395522388059 0.10639044943820225
0 0.5518889925373134 0.25087780898876405 0.12383395522388059 0.10639044943820225
0 0.5479244402985075 0.3635884831460674 0.12383395522388059 0.10639044943820225
0 0.5479244402985075 0.4180126404494382 0.12383395522388059 0.10639044943820225
0 0.5479244402985075 0.47384129213483145 0.12383395522388059 0.10639044943820225
0 0.5479244402985075 0.5244030898876404 0.12383395522388059 0.10639044943820225
0 0.5492070895522388 0.7807233146067416 0.11567164179104478 0.09936797752808989
0 0.5485074626865671 0.828125 0.11567164179104478 0.09936797752808989
0 0.5457089552238806 0.8804424157303371 0.11567164179104478 0.09936797752808989
0 0.5461753731343284 0.9295997191011236 0.11567164179104478 0.09936797752808989
