1 0.6022273936170213 0.53275 0.14261968085106383 0.2315
1 0.503158244680851 0.6745 0.12267287234042554 0.196
0 0.8186502659574468 0.27925 0.13663563829787234 0.2295
0 0.7667885638297872 0.34225 0.13530585106382978 0.2345
0 0.7129321808510638 0.40625 0.13530585106382978 0.2345
0 0.8768284574468085 0.21125 0.13530585106382978 0.2345
0 0.38680186170212766 0.77275 0.13530585106382978 0.2345
0 0.33527260638297873 0.83175 0.13530585106382978 0.2345
0 0.28257978723404253 0.88575 0.1356382978723404 0.2285
0 0.9318484042553191 0.14725 0.1356382978723404 0.2285
