0 0.47936100746268656 0.2245435393258427 0.08092350746268656 0.06495786516853932
2 0.4765625 0.09515449438202248 0.0804570895522388 0.07373595505617977
0 0.47702891791044777 0.16169241573033707 0.08092350746268656 0.06495786516853932
0 0.480527052238806 0.2873946629213483 0.08092350746268656 0.06495786516853932
0 0.4826259328358209 0.3495435393258427 0.08092350746268656 0.06495786516853932
0 0.4858908582089552 0.4116924157303371 0.08092350746268656 0.06495786516853932
0 0.48752332089552236 0.4727879213483146 0.08092350746268656 0.06495786516853932
0 0.4896222014925373 0.534936797752809 0.08092350746268656 0.06495786516853932
0 0.4907882462686567 0.5953300561797753 0.08092350746268656 0.06495786516853932
0 0.49288712686567165 0.6564255617977528 0.08092350746268656 0.06495786516853932
0 0.49731809701492535 0.7175210674157303 0.08092350746268656 0.06495786516853932
0 0.49731809701492535 0.780372191011236 0.08092350746268656 0.06495786516853932
0 0.4984841417910448 0.8383075842696629 0.08092350746268656 0.06495786516853932
0 0.49731809701492535 0.8992275280898876 0.08092350746268656 0.0625
