0 0.4732380319148936 0.61525 0.12865691489361702 0.2145
0 0.7637965425531915 0.55575 0.14727393617021275 0.2185
1 0.5260970744680851 0.2475 0.1293218085106383 0.205
1 0.5816156914893617 0.33325 0.13929521276595744 0.2145
0 0.7041223404255319 0.90225 0.13829787234042554 0.1945
0 0.6462765957446809 0.83425 0.13430851063829788 0.2085
0 0.5871010638297872 0.76075 0.13430851063829788 0.2085
0 0.5284242021276596 0.686 0.13331117021276595 0.212
0 0.3562167553191489 0.4645 0.13331117021276595 0.212
0 0.2947140957446808 0.3935 0.13331117021276595 0.212
0 0.23753324468085107 0.3155 0.13331117021276595 0.212
0 0.1753656914893617 0.238 0.13331117021276595 0.212
0 0.11153590425531915 0.166 0.13331117021276595 0.212
0 0.815658244680851 0.62725 0.14727393617021275 0.2185
0 0.8721742021276596 0.70625 0.14727393617021275 0.2185
0 0.9323470744680851 0.78575 0.1346409574468085 0.2185
0 0.6998005319148937 0.4815 0.13696808510638298 0.216
0 0.4627659574468085 0.1725 0.13696808510638298 0.216
0 0.40126329787234044 0.108 0.13696808510638298 0.216
0 0.05934175531914894 0.10025 0.11868351063829788 0.2005
