0 0.5434934701492538 0.4566362359550562 0.09444962686567164 0.07478932584269662
2 0.5541044776119403 0.14290730337078653 0.09794776119402986 0.10603932584269662
0 0.5486240671641791 0.27861657303370785 0.09398320895522388 0.07900280898876405
0 0.5502565298507462 0.33655196629213485 0.09398320895522388 0.07900280898876405
0 0.5460587686567164 0.39729634831460675 0.09398320895522388 0.07900280898876405
0 0.5439598880597015 0.5117626404494382 0.09444962686567164 0.07478932584269662
0 0.5392957089552238 0.5732092696629213 0.09444962686567164 0.07478932584269662
0 0.5381296641791045 0.6283356741573034 0.09444962686567164 0.07478932584269662
0 0.5346315298507462 0.6845154494382022 0.09444962686567164 0.07478932584269662
0 0.5315998134328358 0.7406952247191011 0.09444962686567164 0.07478932584269662
0 0.5315998134328358 0.7975772471910112 0.09444962686567164 0.07478932584269662
0 0.5292677238805971 0.8502457865168539 0.09444962686567164 0.07478932584269662
0 0.5292677238805971 0.9081811797752809 0.09444962686567164 0.07478932584269662
