0 0.5207555970149254 0.32303370786516855 0.07136194029850747 0.05407303370786517
0 0.5211054104477612 0.2691362359550562 0.07159514925373134 0.056530898876404494
1 0.5086287313432836 0.6393960674157303 0.07042910447761194 0.05266853932584269
0 0.5290345149253731 0.046875 0.07159514925373134 0.056530898876404494
0 0.5278684701492538 0.10481039325842696 0.07159514925373134 0.056530898876404494
0 0.5257695895522388 0.159936797752809 0.07159514925373134 0.056530898876404494
0 0.5241371268656716 0.21646769662921347 0.07159514925373134 0.056530898876404494
0 0.5180736940298507 0.37833567415730335 0.07159514925373134 0.056530898876404494
0 0.5176072761194029 0.4334620786516854 0.07159514925373134 0.056530898876404494
0 0.5136427238805971 0.4861306179775281 0.07159514925373134 0.056530898876404494
0 0.511543843283582 0.5398525280898876 0.07159514925373134 0.056530898876404494
0 0.511543843283582 0.590063202247191 0.07159514925373134 0.056530898876404494
0 0.5054804104477612 0.6954002808988764 0.07159514925373134 0.056530898876404494
0 0.5050139925373134 0.746313202247191 0.07159514925373134 0.056530898876404494
0 0.5022154850746269 0.8024929775280899 0.07159514925373134 0.056530898876404494
