0 0.6570662313432836 0.6767907303370787 0.23157649253731344 0.27844101123595505
1 0.5577192164179104 0.390625 0.22691231343283583 0.2672050561797753
0 0.7048740671641791 0.8204002808988764 0.23157649253731344 0.27844101123595505
0 0.6106576492537313 0.5366924157303371 0.23157649253731344 0.27844101123595505
0 0.5071128731343284 0.24754213483146068 0.21944962686567165 0.2710674157303371
0 0.4583722014925373 0.12482443820224719 0.22644589552238806 0.24964887640449437
0 0.9350513059701493 0.6034058988764045 0.1298973880597015 0.2868679775280899
0 0.9055503731343284 0.4668188202247191 0.18889925373134328 0.29389044943820225
0 0.874883395522388 0.31724016853932585 0.22504664179104478 0.28195224719101125
0 0.8205457089552238 0.17889747191011235 0.22504664179104478 0.28195224719101125
0 0.7727378731343284 0.0879564606741573 0.22084888059701493 0.1759129213483146
