0 0.5159748134328358 0.5832162921348315 0.07765858208955224 0.0625
2 0.5142257462686567 0.8707865168539326 0.08115671641791045 0.09058988764044944
0 0.5148087686567164 0.8019662921348315 0.07765858208955224 0.0625
0 0.5159748134328358 0.7475421348314607 0.07765858208955224 0.0625
0 0.5152751865671642 0.6913623595505618 0.07765858208955224 0.0625
0 0.5169076492537313 0.6376404494382022 0.07765858208955224 0.0625
0 0.5181902985074627 0.5280898876404494 0.07742537313432836 0.05547752808988764
0 0.5174906716417911 0.47542134831460675 0.07742537313432836 0.05547752808988764
0 0.5167910447761194 0.42450842696629215 0.07742537313432836 0.05547752808988764
0 0.5172574626865671 0.37429775280898875 0.07742537313432836 0.05547752808988764
0 0.5160914179104478 0.32162921348314605 0.07742537313432836 0.05547752808988764
0 0.5160914179104478 0.27212078651685395 0.07742537313432836 0.05547752808988764
0 0.5160914179104478 0.22191011235955055 0.07742537313432836 0.05547752808988764
0 0.5153917910447762 0.16924157303370788 0.07742537313432836 0.05547752808988764
0 0.5142257462686567 0.11973314606741572 0.07742537313432836 0.05547752808988764
0 0.5107276119402985 0.06882022471910113 0.07742537313432836 0.05547752808988764
