0 0.48484141791044777 0.7010182584269663 0.08628731343283583 0.06917134831460674
2 0.488339552238806 0.8411165730337079 0.08815298507462686 0.10428370786516854
0 0.4855410447761194 0.5788272471910112 0.08628731343283583 0.06917134831460674
2 0.4832089552238806 0.6409761235955056 0.08768656716417911 0.06285112359550561
0 0.4855410447761194 0.5261587078651685 0.08628731343283583 0.06917134831460674
0 0.48507462686567165 0.46927668539325845 0.08628731343283583 0.06917134831460674
0 0.4846082089552239 0.4123946629213483 0.08628731343283583 0.06917134831460674
0 0.48763992537313433 0.35797050561797755 0.08628731343283583 0.06917134831460674
0 0.4841417910447761 0.3010884831460674 0.08628731343283583 0.06917134831460674
0 0.482509328358209 0.24490870786516855 0.08628731343283583 0.06917134831460674
0 0.48367537313432835 0.1932935393258427 0.08628731343283583 0.06917134831460674
0 0.48600746268656714 0.14343398876404495 0.08628731343283583 0.06917134831460674
0 0.4829757462686567 0.08655196629213484 0.08628731343283583 0.06917134831460674
