0 0.47294776119402987 0.0877808988764045 0.09794776119402986 0.0800561797752809
0 0.47318097014925375 0.21523876404494383 0.09934701492537314 0.08497191011235955
0 0.4779617537313433 0.5502106741573034 0.10377798507462686 0.08637640449438203
0 0.4788945895522388 0.6966292134831461 0.10797574626865672 0.08567415730337079
2 0.47318097014925375 0.15203651685393257 0.09794776119402986 0.08146067415730338
2 0.4750466417910448 0.34638342696629215 0.09934701492537314 0.08813202247191011
2 0.47936100746268656 0.7724719101123596 0.10564365671641791 0.08567415730337079
2 0.4808768656716418 0.9364466292134831 0.10634328358208955 0.11587078651685394
0 0.4788945895522388 0.8465589887640449 0.10797574626865672 0.08567415730337079
0 0.4777285447761194 0.6207865168539326 0.10797574626865672 0.08567415730337079
0 0.47702891791044777 0.48174157303370785 0.10797574626865672 0.08567415730337079
0 0.47819496268656714 0.4157303370786517 0.10797574626865672 0.08567415730337079
0 0.4751632462686567 0.28019662921348315 0.10797574626865672 0.08567415730337079
0 0.47003264925373134 0.03739466292134831 0.09538246268656717 0.07478932584269662
