0 0.48484141791044777 0.2986306179775281 0.08628731343283583 0.06917134831460674
2 0.488339552238806 0.15853230337078653 0.08815298507462686 0.10428370786516854
0 0.4855410447761194 0.42082162921348315 0.08628731343283583 0.06917134831460674
2 0.4832089552238806 0.35867275280898875 0.08768656716417911 0.06285112359550561
0 0.4855410447761194 0.47349016853932585 0.08628731343283583 0.06917134831460674
0 0.48507462686567165 0.530372191011236 0.08628731343283583 0.06917134831460674
0 0.4846082089552239 0.5872542134831461 0.08628731343283583 0.06917134831460674
0 0.48763992537313433 0.6416783707865169 0.08628731343283583 0.06917134831460674
0 0.4841417910447761 0.698560393258427 0.08628731343283583 0.06917134831460674
0 0.482509328358209 0.7547401685393258 0.08628731343283583 0.06917134831460674
0 0.48367537313432835 0.8063553370786517 0.08628731343283583 0.06917134831460674
0 0.48600746268656714 0.8562148876404494 0.08628731343283583 0.06917134831460674
0 0.4829757462686567 0.9130969101123596 0.08628731343283583 0.06917134831460674
