0 0.5264295212765957 0.38425 0.12865691489361702 0.2145
0 0.23587101063829788 0.44375 0.14727393617021275 0.2185
1 0.47357047872340424 0.752 0.1293218085106383 0.205
1 0.41805186170212766 0.66625 0.13929521276595744 0.2145
0 0.29554521276595747 0.09725 0.13829787234042554 0.1945
0 0.3533909574468085 0.16525 0.13430851063829788 0.2085
0 0.41256648936170215 0.23875 0.13430851063829788 0.2085
0 0.4712433510638298 0.3135 0.13331117021276595 0.212
0 0.6434507978723404 0.535 0.13331117021276595 0.212
0 0.7049534574468085 0.606 0.13331117021276595 0.212
0 0.7621343085106383 0.684 0.13331117021276595 0.212
0 0.8243018617021277 0.7615 0.13331117021276595 0.212
0 0.8881316489361702 0.8335 0.13331117021276595 0.212
0 0.1840093085106383 0.37225 0.14727393617021275 0.2185
0 0.12749335106382978 0.29325 0.14727393617021275 0.2185
0 0.06732047872340426 0.21375 0.1346409574468085 0.2185
0 0.29986702127659576 0.518 0.13696808510638298 0.216
0 0.5369015957446809 0.827 0.13696808510638298 0.216
0 0.598404255319149 0.892 0.13696808510638298 0.216
0 0.940658244680851 0.89975 0.11868351063829788 0.2005
