0 0.4837919776119403 0.4164325842696629 0.07765858208955224 0.0625
2 0.4855410447761194 0.1288623595505618 0.08115671641791045 0.09058988764044944
0 0.4849580223880597 0.19768258426966293 0.07765858208955224 0.0625
0 0.4837919776119403 0.2521067415730337 0.07765858208955224 0.0625
0 0.4844916044776119 0.3082865168539326 0.07765858208955224 0.0625
0 0.4828591417910448 0.36200842696629215 0.07765858208955224 0.0625
0 0.48157649253731344 0.47155898876404495 0.07742537313432836 0.05547752808988764
0 0.4822761194029851 0.5242275280898876 0.07742537313432836 0.05547752808988764
0 0.4829757462686567 0.5751404494382022 0.07742537313432836 0.05547752808988764
0 0.482509328358209 0.6253511235955056 0.07742537313432836 0.05547752808988764
0 0.48367537313432835 0.6780196629213483 0.07742537313432836 0.05547752808988764
0 0.48367537313432835 0.7275280898876404 0.07742537313432836 0.05547752808988764
0 0.48367537313432835 0.7777387640449438 0.07742537313432836 0.05547752808988764
0 0.484375 0.8304073033707865 0.07742537313432836 0.05547752808988764
0 0.4855410447761194 0.8799157303370787 0.07742537313432836 0.05547752808988764
0 0.48903917910447764 0.9308286516853933 0.07742537313432836 0.05547752808988764
