0 0.5616837686567164 0.5577598314606742 0.06459888059701492 0.14501404494382023
1 0.43843283582089554 0.4982443820224719 0.07276119402985075 0.13904494382022473
0 0.5215718283582089 0.5398525280898876 0.06459888059701492 0.14501404494382023
0 0.38957555970149255 0.48191713483146065 0.06459888059701492 0.14501404494382023
0 0.3478311567164179 0.46400983146067415 0.06459888059701492 0.14501404494382023
0 0.30142257462686567 0.4468047752808989 0.06459888059701492 0.14501404494382023
0 0.26084421641791045 0.4313553370786517 0.06459888059701492 0.14501404494382023
0 0.6013292910447762 0.5749648876404494 0.06459888059701492 0.14501404494382023
0 0.6430736940298507 0.5942766853932584 0.06459888059701492 0.14501404494382023
0 0.6848180970149254 0.6135884831460674 0.06459888059701492 0.14501404494382023
0 0.7253964552238806 0.6311446629213483 0.06459888059701492 0.14501404494382023
0 0.7676072761194029 0.6515098314606742 0.06459888059701492 0.14501404494382023
0 0.8063199626865671 0.6683637640449438 0.06459888059701492 0.14501404494382023
0 0.8450326492537313 0.6876755617977528 0.06459888059701492 0.14501404494382023
0 0.8832789179104478 0.7045294943820225 0.06459888059701492 0.14501404494382023
