0 0.47936100746268656 0.7751053370786517 0.08092350746268656 0.06495786516853932
2 0.4765625 0.9044943820224719 0.0804570895522388 0.07373595505617977
0 0.47702891791044777 0.8379564606741573 0.08092350746268656 0.06495786516853932
0 0.480527052238806 0.7122542134831461 0.08092350746268656 0.06495786516853932
0 0.4826259328358209 0.6501053370786517 0.08092350746268656 0.06495786516853932
0 0.4858908582089552 0.5879564606741573 0.08092350746268656 0.06495786516853932
0 0.48752332089552236 0.5268609550561798 0.08092350746268656 0.06495786516853932
0 0.4896222014925373 0.4647120786516854 0.08092350746268656 0.06495786516853932
0 0.4907882462686567 0.4043188202247191 0.08092350746268656 0.06495786516853932
0 0.49288712686567165 0.34322331460674155 0.08092350746268656 0.06495786516853932
0 0.49731809701492535 0.28212780898876405 0.08092350746268656 0.06495786516853932
0 0.49731809701492535 0.21927668539325842 0.08092350746268656 0.06495786516853932
0 0.4984841417910448 0.16134129213483145 0.08092350746268656 0.06495786516853932
0 0.49731809701492535 0.10042134831460674 0.08092350746268656 0.0625
