0 0.5616837686567164 0.4418890449438202 0.06459888059701492 0.14501404494382023
1 0.43843283582089554 0.5014044943820225 0.07276119402985075 0.13904494382022473
0 0.5215718283582089 0.45979634831460675 0.06459888059701492 0.14501404494382023
0 0.38957555970149255 0.5177317415730337 0.06459888059701492 0.14501404494382023
0 0.3478311567164179 0.5356390449438202 0.06459888059701492 0.14501404494382023
0 0.30142257462686567 0.5528441011235955 0.06459888059701492 0.14501404494382023
0 0.26084421641791045 0.5682935393258427 0.06459888059701492 0.14501404494382023
0 0.6013292910447762 0.42468398876404495 0.06459888059701492 0.14501404494382023
0 0.6430736940298507 0.40537219101123595 0.06459888059701492 0.14501404494382023
0 0.6848180970149254 0.38606039325842695 0.06459888059701492 0.14501404494382023
0 0.7253964552238806 0.36850421348314605 0.06459888059701492 0.14501404494382023
0 0.7676072761194029 0.3481390449438202 0.06459888059701492 0.14501404494382023
0 0.8063199626865671 0.33128511235955055 0.06459888059701492 0.14501404494382023
0 0.8450326492537313 0.31197331460674155 0.06459888059701492 0.14501404494382023
0 0.8832789179104478 0.2951193820224719 0.06459888059701492 0.14501404494382023
