0 0.4722481343283582 0.4780547752808989 0.15904850746268656 0.13588483146067415
2 0.47294776119402987 0.17521067415730338 0.1669776119402985 0.17837078651685392
0 0.46921641791044777 0.29599719101123595 0.16651119402985073 0.13834269662921347
0 0.47154850746268656 0.38764044943820225 0.16651119402985073 0.13834269662921347
0 0.47038246268656714 0.5600421348314607 0.16651119402985073 0.13834269662921347
0 0.46921641791044777 0.6383426966292135 0.16651119402985073 0.13834269662921347
0 0.46921641791044777 0.7148876404494382 0.16651119402985073 0.13834269662921347
0 0.47154850746268656 0.7854634831460674 0.16651119402985073 0.13834269662921347
0 0.466767723880597 0.8544592696629213 0.15321828358208955 0.13518258426966293
0 0.46793376865671643 0.9250351123595506 0.15321828358208955 0.13518258426966293
