0 0.4921875 0.20470505617977527 0.13829291044776118 0.125
2 0.4910214552238806 0.11183286516853932 0.13875932835820895 0.15976123595505617
2 0.4842583955223881 0.6070926966292135 0.12336753731343283 0.11025280898876405
0 0.49125466417910446 0.27844101123595505 0.13829291044776118 0.125
0 0.490321828358209 0.34901685393258425 0.13829291044776118 0.125
0 0.48892257462686567 0.41292134831460675 0.13829291044776118 0.125
0 0.48938899253731344 0.4782303370786517 0.13829291044776118 0.125
0 0.48729011194029853 0.5421348314606742 0.13829291044776118 0.125
0 0.48367537313432835 0.6667837078651685 0.12453358208955224 0.11376404494382023
0 0.48134328358208955 0.7236657303370787 0.12453358208955224 0.11376404494382023
0 0.4791277985074627 0.7794943820224719 0.11916977611940298 0.10955056179775281
0 0.47819496268656714 0.8349719101123596 0.11916977611940298 0.10955056179775281
0 0.47819496268656714 0.8841292134831461 0.11916977611940298 0.10955056179775281
0 0.4751632462686567 0.9385533707865169 0.11916977611940298 0.10955056179775281
