0 0.5075792910447762 0.7949438202247191 0.13829291044776118 0.125
2 0.5087453358208955 0.8878160112359551 0.13875932835820895 0.15976123595505617
2 0.515508395522388 0.3925561797752809 0.12336753731343283 0.11025280898876405
0 0.5085121268656716 0.7212078651685393 0.13829291044776118 0.125
0 0.5094449626865671 0.6506320224719101 0.13829291044776118 0.125
0 0.5108442164179104 0.5867275280898876 0.13829291044776118 0.125
0 0.5103777985074627 0.5214185393258427 0.13829291044776118 0.125
0 0.5124766791044776 0.4575140449438202 0.13829291044776118 0.125
0 0.5160914179104478 0.33286516853932585 0.12453358208955224 0.11376404494382023
0 0.5184235074626866 0.27598314606741575 0.12453358208955224 0.11376404494382023
0 0.5206389925373134 0.22015449438202248 0.11916977611940298 0.10955056179775281
0 0.5215718283582089 0.16467696629213482 0.11916977611940298 0.10955056179775281
0 0.5215718283582089 0.11551966292134831 0.11916977611940298 0.10955056179775281
0 0.5246035447761194 0.061095505617977525 0.11916977611940298 0.10955056179775281
