0 0.49720149253731344 0.7341994382022472 0.09001865671641791 0.07162921348314606
2 0.496035447761194 0.9487359550561798 0.0914179104477612 0.08848314606741572
0 0.49556902985074625 0.8040730337078652 0.09001865671641791 0.07162921348314606
0 0.49510261194029853 0.8728932584269663 0.09001865671641791 0.07162921348314606
0 0.496035447761194 0.5347612359550562 0.09001865671641791 0.07162921348314606
0 0.49556902985074625 0.6014747191011236 0.09001865671641791 0.07162921348314606
0 0.49556902985074625 0.6657303370786517 0.09001865671641791 0.07162921348314606
0 0.49486940298507465 0.4683988764044944 0.09001865671641791 0.07162921348314606
0 0.4959188432835821 0.40765449438202245 0.08745335820895522 0.06530898876404495
0 0.49521921641791045 0.34445224719101125 0.08745335820895522 0.06530898876404495
0 0.496152052238806 0.28195224719101125 0.08745335820895522 0.06530898876404495
0 0.49498600746268656 0.21945224719101122 0.08745335820895522 0.06530898876404495
0 0.4959188432835821 0.15905898876404495 0.08745335820895522 0.06530898876404495
0 0.496152052238806 0.09866573033707865 0.08745335820895522 0.06530898876404495
