0 0.4722481343283582 0.5215941011235955 0.15904850746268656 0.13588483146067415
2 0.47294776119402987 0.824438202247191 0.1669776119402985 0.17837078651685392
0 0.46921641791044777 0.7036516853932584 0.16651119402985073 0.13834269662921347
0 0.47154850746268656 0.6120084269662921 0.16651119402985073 0.13834269662921347
0 0.47038246268656714 0.4396067415730337 0.16651119402985073 0.13834269662921347
0 0.46921641791044777 0.3613061797752809 0.16651119402985073 0.13834269662921347
0 0.46921641791044777 0.2847612359550562 0.16651119402985073 0.13834269662921347
0 0.47154850746268656 0.21418539325842698 0.16651119402985073 0.13834269662921347
0 0.466767723880597 0.14518960674157302 0.15321828358208955 0.13518258426966293
0 0.46793376865671643 0.07461376404494383 0.15321828358208955 0.13518258426966293
