0 0.5025652985074627 0.7341994382022472 0.09001865671641791 0.07162921348314606
2 0.503731343283582 0.9487359550561798 0.0914179104477612 0.08848314606741572
0 0.5041977611940298 0.8040730337078652 0.09001865671641791 0.07162921348314606
0 0.5046641791044776 0.8728932584269663 0.09001865671641791 0.07162921348314606
0 0.503731343283582 0.5347612359550562 0.09001865671641791 0.07162921348314606
0 0.5041977611940298 0.6014747191011236 0.09001865671641791 0.07162921348314606
0 0.5041977611940298 0.6657303370786517 0.09001865671641791 0.07162921348314606
0 0.5048973880597015 0.4683988764044944 0.09001865671641791 0.07162921348314606
0 0.503847947761194 0.40765449438202245 0.08745335820895522 0.06530898876404495
0 0.5045475746268657 0.34445224719101125 0.08745335820895522 0.06530898876404495
0 0.5036147388059702 0.28195224719101125 0.08745335820895522 0.06530898876404495
0 0.5047807835820896 0.21945224719101122 0.08745335820895522 0.06530898876404495
0 0.503847947761194 0.15905898876404495 0.08745335820895522 0.06530898876404495
0 0.5036147388059702 0.09866573033707865 0.08745335820895522 0.06530898876404495
