0 0.527518656716418 0.5215941011235955 0.15904850746268656 0.13588483146067415
2 0.5268190298507462 0.824438202247191 0.1669776119402985 0.17837078651685392
0 0.5305503731343284 0.7036516853932584 0.16651119402985073 0.13834269662921347
0 0.5282182835820896 0.6120084269662921 0.16651119402985073 0.13834269662921347
0 0.5293843283582089 0.4396067415730337 0.16651119402985073 0.13834269662921347
0 0.5305503731343284 0.3613061797752809 0.16651119402985073 0.13834269662921347
0 0.5305503731343284 0.2847612359550562 0.16651119402985073 0.13834269662921347
0 0.5282182835820896 0.21418539325842698 0.16651119402985073 0.13834269662921347
0 0.5329990671641791 0.14518960674157302 0.15321828358208955 0.13518258426966293
0 0.5318330223880597 0.07461376404494383 0.15321828358208955 0.13518258426966293
