0 0.49720149253731344 0.2654494382022472 0.09001865671641791 0.07162921348314606
2 0.496035447761194 0.050912921348314606 0.0914179104477612 0.08848314606741572
0 0.49556902985074625 0.19557584269662923 0.09001865671641791 0.07162921348314606
0 0.49510261194029853 0.1267556179775281 0.09001865671641791 0.07162921348314606
0 0.496035447761194 0.4648876404494382 0.09001865671641791 0.07162921348314606
0 0.49556902985074625 0.3981741573033708 0.09001865671641791 0.07162921348314606
0 0.49556902985074625 0.3339185393258427 0.09001865671641791 0.07162921348314606
0 0.49486940298507465 0.53125 0.09001865671641791 0.07162921348314606
0 0.4959188432835821 0.5919943820224719 0.08745335820895522 0.06530898876404495
0 0.49521921641791045 0.6551966292134831 0.08745335820895522 0.06530898876404495
0 0.496152052238806 0.7176966292134831 0.08745335820895522 0.06530898876404495
0 0.49498600746268656 0.7801966292134831 0.08745335820895522 0.06530898876404495
0 0.4959188432835821 0.8405898876404494 0.08745335820895522 0.06530898876404495
0 0.496152052238806 0.9009831460674157 0.08745335820895522 0.06530898876404495
