0 0.5025652985074627 0.2654494382022472 0.09001865671641791 0.07162921348314606
2 0.503731343283582 0.050912921348314606 0.0914179104477612 0.08848314606741572
0 0.5041977611940298 0.19557584269662923 0.09001865671641791 0.07162921348314606
0 0.5046641791044776 0.1267556179775281 0.09001865671641791 0.07162921348314606
0 0.503731343283582 0.4648876404494382 0.09001865671641791 0.07162921348314606
0 0.5041977611940298 0.3981741573033708 0.09001865671641791 0.07162921348314606
0 0.5041977611940298 0.3339185393258427 0.09001865671641791 0.07162921348314606
0 0.5048973880597015 0.53125 0.09001865671641791 0.07162921348314606
0 0.503847947761194 0.5919943820224719 0.08745335820895522 0.06530898876404495
0 0.5045475746268657 0.6551966292134831 0.08745335820895522 0.06530898876404495
0 0.5036147388059702 0.7176966292134831 0.08745335820895522 0.06530898876404495
0 0.5047807835820896 0.7801966292134831 0.08745335820895522 0.06530898876404495
0 0.503847947761194 0.8405898876404494 0.08745335820895522 0.06530898876404495
0 0.5036147388059702 0.9009831460674157 0.08745335820895522 0.06530898876404495
