0 0.5075792910447762 0.20470505617977527 0.13829291044776118 0.125
2 0.5087453358208955 0.11183286516853932 0.13875932835820895 0.15976123595505617
2 0.515508395522388 0.6070926966292135 0.12336753731343283 0.11025280898876405
0 0.5085121268656716 0.27844101123595505 0.13829291044776118 0.125
0 0.5094449626865671 0.34901685393258425 0.13829291044776118 0.125
0 0.5108442164179104 0.41292134831460675 0.13829291044776118 0.125
0 0.5103777985074627 0.4782303370786517 0.13829291044776118 0.125
0 0.5124766791044776 0.5421348314606742 0.13829291044776118 0.125
0 0.5160914179104478 0.6667837078651685 0.12453358208955224 0.11376404494382023
0 0.5184235074626866 0.7236657303370787 0.12453358208955224 0.11376404494382023
0 0.5206389925373134 0.7794943820224719 0.11916977611940298 0.10955056179775281
0 0.5215718283582089 0.8349719101123596 0.11916977611940298 0.10955056179775281
0 0.5215718283582089 0.8841292134831461 0.11916977611940298 0.10955056179775281
0 0.5246035447761194 0.9385533707865169 0.11916977611940298 0.10955056179775281
