0 0.4921875 0.7949438202247191 0.13829291044776118 0.125
2 0.4910214552238806 0.8878160112359551 0.13875932835820895 0.15976123595505617
2 0.4842583955223881 0.3925561797752809 0.12336753731343283 0.11025280898876405
0 0.49125466417910446 0.7212078651685393 0.13829291044776118 0.125
0 0.490321828358209 0.6506320224719101 0.13829291044776118 0.125
0 0.48892257462686567 0.5867275280898876 0.13829291044776118 0.125
0 0.48938899253731344 0.5214185393258427 0.13829291044776118 0.125
0 0.48729011194029853 0.4575140449438202 0.13829291044776118 0.125
0 0.48367537313432835 0.33286516853932585 0.12453358208955224 0.11376404494382023
0 0.48134328358208955 0.27598314606741575 0.12453358208955224 0.11376404494382023
0 0.4791277985074627 0.22015449438202248 0.11916977611940298 0.10955056179775281
0 0.47819496268656714 0.16467696629213482 0.11916977611940298 0.10955056179775281
0 0.47819496268656714 0.11551966292134831 0.11916977611940298 0.10955056179775281
0 0.4751632462686567 0.061095505617977525 0.11916977611940298 0.10955056179775281
