0 0.5213386194029851 0.620435393258427 0.09958022388059702 0.08286516853932584
1 0.5190065298507462 0.3830758426966292 0.109375 0.0898876404494382
0 0.5241371268656716 0.9445224719101124 0.09958022388059702 0.08286516853932584
0 0.5253031716417911 0.863061797752809 0.09958022388059702 0.08286516853932584
0 0.5229710820895522 0.7830056179775281 0.09958022388059702 0.08286516853932584
0 0.5218050373134329 0.7029494382022472 0.09958022388059702 0.08286516853932584
0 0.5190065298507462 0.5407303370786517 0.09958022388059702 0.08286516853932584
0 0.5178404850746269 0.46594101123595505 0.09958022388059702 0.08286516853932584
0 0.5164412313432836 0.2984550561797753 0.1009794776119403 0.07794943820224719
0 0.5152751865671642 0.22120786516853932 0.1009794776119403 0.07794943820224719
0 0.5129430970149254 0.14220505617977527 0.1009794776119403 0.07794943820224719
0 0.5129430970149254 0.06390449438202248 0.1009794776119403 0.07794943820224719
