0 0.558418843283582 0.21436095505617977 0.1201026119402985 0.09515449438202248
0 0.558418843283582 0.3081109550561798 0.12196828358208955 0.09515449438202248
1 0.5595848880597015 0.5015800561797753 0.1298973880597015 0.09585674157303371
1 0.5668143656716418 0.8000351123595506 0.11916977611940298 0.09234550561797752
0 0.5567863805970149 0.11569522471910113 0.1201026119402985 0.09515449438202248
0 0.5591184701492538 0.40747893258426965 0.1201026119402985 0.09515449438202248
0 0.5619169776119403 0.5998946629213483 0.1201026119402985 0.09515449438202248
0 0.5642490671641791 0.6964536516853933 0.1201026119402985 0.09515449438202248
0 0.5637826492537313 0.8958918539325843 0.1201026119402985 0.09515449438202248
0 0.5656483208955224 0.9708567415730337 0.11916977611940298 0.05758426966292135
