0 0.44088152985074625 0.21014747191011235 0.1117070895522388 0.08953651685393259
0 0.4670009328358209 0.808813202247191 0.1117070895522388 0.09375
1 0.4496268656716418 0.38009129213483145 0.11847014925373134 0.08181179775280899
1 0.45394123134328357 0.5503862359550562 0.12756529850746268 0.08813202247191011
0 0.47318097014925375 0.8987008426966292 0.11147388059701492 0.08672752808988764
0 0.4763292910447761 0.9699789325842697 0.11077425373134328 0.05933988764044944
0 0.46198694029850745 0.7217345505617978 0.11147388059701492 0.0860252808988764
0 0.4591884328358209 0.6357092696629213 0.11147388059701492 0.0860252808988764
0 0.4517257462686567 0.465063202247191 0.11147388059701492 0.0860252808988764
0 0.4470615671641791 0.296875 0.11147388059701492 0.0860252808988764
0 0.43505130597014924 0.12341994382022473 0.1117070895522388 0.08953651685393259
0 0.4295708955223881 0.03985252808988764 0.11240671641791045 0.07970505617977527
