0 0.5360307835820896 0.31724016853932585 0.09025186567164178 0.0684691011235955
0 0.5318330223880597 0.45172050561797755 0.08558768656716417 0.07127808988764045
1 0.523320895522388 0.5879564606741573 0.07975746268656717 0.07338483146067416
1 0.5223880597014925 0.7289325842696629 0.07695895522388059 0.06320224719101124
0 0.535331156716418 0.3864115168539326 0.08558768656716417 0.07127808988764045
0 0.5392957089552238 0.24947331460674158 0.08558768656716417 0.07127808988764045
0 0.5416277985074627 0.18311095505617977 0.08558768656716417 0.07127808988764045
0 0.531133395522388 0.520189606741573 0.0865205223880597 0.06495786516853932
0 0.5258861940298507 0.6594101123595506 0.08582089552238806 0.07303370786516854
0 0.5200559701492538 0.7921348314606742 0.0830223880597015 0.06882022471910113
0 0.5167910447761194 0.8599016853932584 0.0830223880597015 0.06882022471910113
0 0.5146921641791045 0.930126404494382 0.0830223880597015 0.06882022471910113
0 0.511777052238806 0.9817415730337079 0.08372201492537314 0.03581460674157303
