0 0.43260261194029853 0.6922401685393258 0.11893656716417911 0.09655898876404495
0 0.41721082089552236 0.136938202247191 0.11986940298507463 0.09831460674157304
1 0.42455690298507465 0.5061446629213483 0.11310634328358209 0.09375
0 0.4144123134328358 0.04459269662921348 0.11986940298507463 0.08918539325842696
0 0.4197761194029851 0.23103932584269662 0.11940298507462686 0.09339887640449439
0 0.421875 0.319873595505618 0.11940298507462686 0.09339887640449439
0 0.4239738805970149 0.41327247191011235 0.11940298507462686 0.09339887640449439
0 0.4302705223880597 0.598314606741573 0.11940298507462686 0.09339887640449439
0 0.43703358208955223 0.7826544943820225 0.11940298507462686 0.09339887640449439
0 0.4412313432835821 0.8746488764044944 0.11940298507462686 0.09339887640449439
0 0.44216417910447764 0.9606741573033708 0.11893656716417911 0.07865168539325842
