0 0.441347947761194 0.21436095505617977 0.1201026119402985 0.09515449438202248
0 0.441347947761194 0.3081109550561798 0.12196828358208955 0.09515449438202248
1 0.44018190298507465 0.5015800561797753 0.1298973880597015 0.09585674157303371
1 0.43295242537313433 0.8000351123595506 0.11916977611940298 0.09234550561797752
0 0.4429804104477612 0.11569522471910113 0.1201026119402985 0.09515449438202248
0 0.44064832089552236 0.40747893258426965 0.1201026119402985 0.09515449438202248
0 0.4378498134328358 0.5998946629213483 0.1201026119402985 0.09515449438202248
0 0.435517723880597 0.6964536516853933 0.1201026119402985 0.09515449438202248
0 0.4359841417910448 0.8958918539325843 0.1201026119402985 0.09515449438202248
0 0.43411847014925375 0.9708567415730337 0.11916977611940298 0.05758426966292135
