0 0.5588852611940298 0.789501404494382 0.1117070895522388 0.08953651685393259
0 0.5327658582089553 0.19083567415730338 0.1117070895522388 0.09375
1 0.5501399253731343 0.6195575842696629 0.11847014925373134 0.08181179775280899
1 0.5458255597014925 0.4492626404494382 0.12756529850746268 0.08813202247191011
0 0.5265858208955224 0.10094803370786516 0.11147388059701492 0.08672752808988764
0 0.5234375 0.02966994382022472 0.11077425373134328 0.05933988764044944
0 0.5377798507462687 0.27791432584269665 0.11147388059701492 0.0860252808988764
0 0.5405783582089553 0.36393960674157305 0.11147388059701492 0.0860252808988764
0 0.5480410447761194 0.5345856741573034 0.11147388059701492 0.0860252808988764
0 0.5527052238805971 0.7027738764044944 0.11147388059701492 0.0860252808988764
0 0.5647154850746269 0.8762289325842697 0.1117070895522388 0.08953651685393259
0 0.570195895522388 0.9601474719101124 0.11240671641791045 0.07970505617977527
