0 0.738456156716418 0.5732092696629213 0.10051305970149253 0.15625
1 0.6044776119402985 0.40730337078651685 0.10307835820895522 0.16502808988764045
0 0.17035914179104478 0.15783005617977527 0.11263992537313433 0.16257022471910113
0 0.13176305970149255 0.23911516853932585 0.10587686567164178 0.16081460674157302
0 0.09095149253731344 0.324438202247191 0.10587686567164178 0.16081460674157302
0 0.05293843283582089 0.4080056179775281 0.10587686567164178 0.16081460674157302
0 0.9559235074626866 0.8720154494382022 0.08815298507462686 0.16116573033707865
0 0.9211753731343284 0.8081109550561798 0.10727611940298508 0.1583567415730337
0 0.8770988805970149 0.7505266853932584 0.10774253731343283 0.1618679775280899
0 0.8316231343283582 0.6918890449438202 0.10774253731343283 0.1618679775280899
0 0.7868470149253731 0.6325491573033708 0.10774253731343283 0.1618679775280899
0 0.6955457089552238 0.5161516853932584 0.10237873134328358 0.16362359550561797
0 0.6496035447761194 0.4610252808988764 0.10237873134328358 0.16362359550561797
0 0.5607509328358209 0.35217696629213485 0.10004664179104478 0.16081460674157302
0 0.5152751865671642 0.2988061797752809 0.10004664179104478 0.16081460674157302
0 0.4704990671641791 0.2443820224719101 0.10004664179104478 0.16081460674157302
0 0.425722947761194 0.18855337078651685 0.10004664179104478 0.16081460674157302
0 0.380946828358209 0.13939606741573032 0.10004664179104478 0.16081460674157302
0 0.3338386194029851 0.08918539325842696 0.10004664179104478 0.16081460674157302
