0 0.738456156716418 0.42643960674157305 0.10051305970149253 0.15625
1 0.6044776119402985 0.5923455056179775 0.10307835820895522 0.16502808988764045
0 0.17035914179104478 0.8418188202247191 0.11263992537313433 0.16257022471910113
0 0.13176305970149255 0.7605337078651685 0.10587686567164178 0.16081460674157302
0 0.09095149253731344 0.6752106741573034 0.10587686567164178 0.16081460674157302
0 0.05293843283582089 0.5916432584269663 0.10587686567164178 0.16081460674157302
0 0.9559235074626866 0.12763342696629212 0.08815298507462686 0.16116573033707865
0 0.9211753731343284 0.1915379213483146 0.10727611940298508 0.1583567415730337
0 0.8770988805970149 0.24912219101123595 0.10774253731343283 0.1618679775280899
0 0.8316231343283582 0.30775983146067415 0.10774253731343283 0.1618679775280899
0 0.7868470149253731 0.3670997191011236 0.10774253731343283 0.1618679775280899
0 0.6955457089552238 0.48349719101123595 0.10237873134328358 0.16362359550561797
0 0.6496035447761194 0.538623595505618 0.10237873134328358 0.16362359550561797
0 0.5607509328358209 0.6474719101123596 0.10004664179104478 0.16081460674157302
0 0.5152751865671642 0.7008426966292135 0.10004664179104478 0.16081460674157302
0 0.4704990671641791 0.7552668539325843 0.10004664179104478 0.16081460674157302
0 0.425722947761194 0.8110955056179775 0.10004664179104478 0.16081460674157302
0 0.380946828358209 0.860252808988764 0.10004664179104478 0.16081460674157302
0 0.3338386194029851 0.9104634831460674 0.10004664179104478 0.16081460674157302
