0 0.43260261194029853 0.30740870786516855 0.11893656716417911 0.09655898876404495
0 0.41721082089552236 0.8627106741573034 0.11986940298507463 0.09831460674157304
1 0.42455690298507465 0.49350421348314605 0.11310634328358209 0.09375
0 0.4144123134328358 0.9550561797752809 0.11986940298507463 0.08918539325842696
0 0.4197761194029851 0.7686095505617978 0.11940298507462686 0.09339887640449439
0 0.421875 0.6797752808988764 0.11940298507462686 0.09339887640449439
0 0.4239738805970149 0.586376404494382 0.11940298507462686 0.09339887640449439
0 0.4302705223880597 0.40133426966292135 0.11940298507462686 0.09339887640449439
0 0.43703358208955223 0.2169943820224719 0.11940298507462686 0.09339887640449439
0 0.4412313432835821 0.125 0.11940298507462686 0.09339887640449439
0 0.44216417910447764 0.03932584269662921 0.11893656716417911 0.07865168539325842
