0 0.558418843283582 0.7852879213483146 0.1201026119402985 0.09515449438202248
0 0.558418843283582 0.6915379213483146 0.12196828358208955 0.09515449438202248
1 0.5595848880597015 0.4980688202247191 0.1298973880597015 0.09585674157303371
1 0.5668143656716418 0.19961376404494383 0.11916977611940298 0.09234550561797752
0 0.5567863805970149 0.8839536516853933 0.1201026119402985 0.09515449438202248
0 0.5591184701492538 0.5921699438202247 0.1201026119402985 0.09515449438202248
0 0.5619169776119403 0.39975421348314605 0.1201026119402985 0.09515449438202248
0 0.5642490671641791 0.3031952247191011 0.1201026119402985 0.09515449438202248
0 0.5637826492537313 0.10375702247191011 0.1201026119402985 0.09515449438202248
0 0.5656483208955224 0.028792134831460675 0.11916977611940298 0.05758426966292135
