0 0.5671641791044776 0.30740870786516855 0.11893656716417911 0.09655898876404495
0 0.5825559701492538 0.8627106741573034 0.11986940298507463 0.09831460674157304
1 0.5752098880597015 0.49350421348314605 0.11310634328358209 0.09375
0 0.5853544776119403 0.9550561797752809 0.11986940298507463 0.08918539325842696
0 0.5799906716417911 0.7686095505617978 0.11940298507462686 0.09339887640449439
0 0.5778917910447762 0.6797752808988764 0.11940298507462686 0.09339887640449439
0 0.5757929104477612 0.586376404494382 0.11940298507462686 0.09339887640449439
0 0.5694962686567164 0.40133426966292135 0.11940298507462686 0.09339887640449439
0 0.5627332089552238 0.2169943820224719 0.11940298507462686 0.09339887640449439
0 0.558535447761194 0.125 0.11940298507462686 0.09339887640449439
0 0.5576026119402985 0.03932584269662921 0.11893656716417911 0.07865168539325842
