0 0.2613106343283582 0.42643960674157305 0.10051305970149253 0.15625
1 0.39528917910447764 0.5923455056179775 0.10307835820895522 0.16502808988764045
0 0.8294076492537313 0.8418188202247191 0.11263992537313433 0.16257022471910113
0 0.8680037313432836 0.7605337078651685 0.10587686567164178 0.16081460674157302
0 0.9088152985074627 0.6752106741573034 0.10587686567164178 0.16081460674157302
0 0.9468283582089553 0.5916432584269663 0.10587686567164178 0.16081460674157302
0 0.04407649253731343 0.12763342696629212 0.08815298507462686 0.16116573033707865
0 0.07859141791044776 0.1915379213483146 0.10727611940298508 0.1583567415730337
0 0.1226679104477612 0.24912219101123595 0.10774253731343283 0.1618679775280899
0 0.1681436567164179 0.30775983146067415 0.10774253731343283 0.1618679775280899
0 0.212919776119403 0.3670997191011236 0.10774253731343283 0.1618679775280899
0 0.30422108208955223 0.48349719101123595 0.10237873134328358 0.16362359550561797
0 0.3501632462686567 0.538623595505618 0.10237873134328358 0.16362359550561797
0 0.4390158582089552 0.6474719101123596 0.10004664179104478 0.16081460674157302
0 0.4844916044776119 0.7008426966292135 0.10004664179104478 0.16081460674157302
0 0.5292677238805971 0.7552668539325843 0.10004664179104478 0.16081460674157302
0 0.574043843283582 0.8110955056179775 0.10004664179104478 0.16081460674157302
0 0.6188199626865671 0.860252808988764 0.10004664179104478 0.16081460674157302
0 0.6659281716417911 0.9104634831460674 0.10004664179104478 0.16081460674157302
