0 0.486357276119403 0.4626053370786517 0.09678171641791045 0.08813202247191011
0 0.49323694029850745 0.12289325842696629 0.10307835820895522 0.08426966292134831
1 0.486357276119403 0.2914325842696629 0.10144589552238806 0.08707865168539326
0 0.49323694029850745 0.042134831460674156 0.10307835820895522 0.08426966292134831
0 0.4899720149253731 0.20786516853932585 0.10307835820895522 0.08426966292134831
0 0.4881063432835821 0.37763342696629215 0.10167910447761194 0.09094101123595505
0 0.4820429104477612 0.5419592696629213 0.10167910447761194 0.09094101123595505
0 0.48157649253731344 0.6272823033707865 0.10167910447761194 0.09094101123595505
0 0.47971082089552236 0.710498595505618 0.10167910447761194 0.09094101123595505
0 0.478544776119403 0.7947682584269663 0.10167910447761194 0.09094101123595505
0 0.4763292910447761 0.8762289325842697 0.10237873134328358 0.09375
