0 0.46373600746268656 0.31724016853932585 0.09025186567164178 0.0684691011235955
0 0.46793376865671643 0.45172050561797755 0.08558768656716417 0.07127808988764045
1 0.4764458955223881 0.5879564606741573 0.07975746268656717 0.07338483146067416
1 0.47737873134328357 0.7289325842696629 0.07695895522388059 0.06320224719101124
0 0.4644356343283582 0.3864115168539326 0.08558768656716417 0.07127808988764045
0 0.46047108208955223 0.24947331460674158 0.08558768656716417 0.07127808988764045
0 0.45813899253731344 0.18311095505617977 0.08558768656716417 0.07127808988764045
0 0.4686333955223881 0.520189606741573 0.0865205223880597 0.06495786516853932
0 0.47388059701492535 0.6594101123595506 0.08582089552238806 0.07303370786516854
0 0.47971082089552236 0.7921348314606742 0.0830223880597015 0.06882022471910113
0 0.4829757462686567 0.8599016853932584 0.0830223880597015 0.06882022471910113
0 0.48507462686567165 0.930126404494382 0.0830223880597015 0.06882022471910113
0 0.48798973880597013 0.9817415730337079 0.08372201492537314 0.03581460674157303
