0 0.46373600746268656 0.6824087078651685 0.09025186567164178 0.0684691011235955
0 0.46793376865671643 0.5479283707865169 0.08558768656716417 0.07127808988764045
1 0.4764458955223881 0.4116924157303371 0.07975746268656717 0.07338483146067416
1 0.47737873134328357 0.27071629213483145 0.07695895522388059 0.06320224719101124
0 0.4644356343283582 0.6132373595505618 0.08558768656716417 0.07127808988764045
0 0.46047108208955223 0.7501755617977528 0.08558768656716417 0.07127808988764045
0 0.45813899253731344 0.8165379213483146 0.08558768656716417 0.07127808988764045
0 0.4686333955223881 0.47945926966292135 0.0865205223880597 0.06495786516853932
0 0.47388059701492535 0.3402387640449438 0.08582089552238806 0.07303370786516854
0 0.47971082089552236 0.20751404494382023 0.0830223880597015 0.06882022471910113
0 0.4829757462686567 0.13974719101123595 0.0830223880597015 0.06882022471910113
0 0.48507462686567165 0.06952247191011236 0.0830223880597015 0.06882022471910113
0 0.48798973880597013 0.017907303370786515 0.08372201492537314 0.03581460674157303
