0 0.478428171641791 0.620435393258427 0.09958022388059702 0.08286516853932584
1 0.48076026119402987 0.3830758426966292 0.109375 0.0898876404494382
0 0.47562966417910446 0.9445224719101124 0.09958022388059702 0.08286516853932584
0 0.4744636194029851 0.863061797752809 0.09958022388059702 0.08286516853932584
0 0.4767957089552239 0.7830056179775281 0.09958022388059702 0.08286516853932584
0 0.4779617537313433 0.7029494382022472 0.09958022388059702 0.08286516853932584
0 0.48076026119402987 0.5407303370786517 0.09958022388059702 0.08286516853932584
0 0.48192630597014924 0.46594101123595505 0.09958022388059702 0.08286516853932584
0 0.48332555970149255 0.2984550561797753 0.1009794776119403 0.07794943820224719
0 0.4844916044776119 0.22120786516853932 0.1009794776119403 0.07794943820224719
0 0.48682369402985076 0.14220505617977527 0.1009794776119403 0.07794943820224719
0 0.48682369402985076 0.06390449438202248 0.1009794776119403 0.07794943820224719
