0 0.5588852611940298 0.21014747191011235 0.1117070895522388 0.08953651685393259
0 0.5327658582089553 0.808813202247191 0.1117070895522388 0.09375
1 0.5501399253731343 0.38009129213483145 0.11847014925373134 0.08181179775280899
1 0.5458255597014925 0.5503862359550562 0.12756529850746268 0.08813202247191011
0 0.5265858208955224 0.8987008426966292 0.11147388059701492 0.08672752808988764
0 0.5234375 0.9699789325842697 0.11077425373134328 0.05933988764044944
0 0.5377798507462687 0.7217345505617978 0.11147388059701492 0.0860252808988764
0 0.5405783582089553 0.6357092696629213 0.11147388059701492 0.0860252808988764
0 0.5480410447761194 0.465063202247191 0.11147388059701492 0.0860252808988764
0 0.5527052238805971 0.296875 0.11147388059701492 0.0860252808988764
0 0.5647154850746269 0.12341994382022473 0.1117070895522388 0.08953651685393259
0 0.570195895522388 0.03985252808988764 0.11240671641791045 0.07970505617977527
