0 0.441347947761194 0.7852879213483146 0.1201026119402985 0.09515449438202248
0 0.441347947761194 0.6915379213483146 0.12196828358208955 0.09515449438202248
1 0.44018190298507465 0.4980688202247191 0.1298973880597015 0.09585674157303371
1 0.43295242537313433 0.19961376404494383 0.11916977611940298 0.09234550561797752
0 0.4429804104477612 0.8839536516853933 0.1201026119402985 0.09515449438202248
0 0.44064832089552236 0.5921699438202247 0.1201026119402985 0.09515449438202248
0 0.4378498134328358 0.39975421348314605 0.1201026119402985 0.09515449438202248
0 0.435517723880597 0.3031952247191011 0.1201026119402985 0.09515449438202248
0 0.4359841417910448 0.10375702247191011 0.1201026119402985 0.09515449438202248
0 0.43411847014925375 0.028792134831460675 0.11916977611940298 0.05758426966292135
