0 0.5134095149253731 0.5370435393258427 0.09678171641791045 0.08813202247191011
0 0.5065298507462687 0.8767556179775281 0.10307835820895522 0.08426966292134831
1 0.5134095149253731 0.7082162921348315 0.10144589552238806 0.08707865168539326
0 0.5065298507462687 0.9575140449438202 0.10307835820895522 0.08426966292134831
0 0.5097947761194029 0.7917837078651685 0.10307835820895522 0.08426966292134831
0 0.511660447761194 0.6220154494382022 0.10167910447761194 0.09094101123595505
0 0.5177238805970149 0.45768960674157305 0.10167910447761194 0.09094101123595505
0 0.5181902985074627 0.37236657303370785 0.10167910447761194 0.09094101123595505
0 0.5200559701492538 0.2891502808988764 0.10167910447761194 0.09094101123595505
0 0.5212220149253731 0.2048806179775281 0.10167910447761194 0.09094101123595505
0 0.5234375 0.12341994382022473 0.10237873134328358 0.09375
