0 0.486357276119403 0.5370435393258427 0.09678171641791045 0.08813202247191011
0 0.49323694029850745 0.8767556179775281 0.10307835820895522 0.08426966292134831
1 0.486357276119403 0.7082162921348315 0.10144589552238806 0.08707865168539326
0 0.49323694029850745 0.9575140449438202 0.10307835820895522 0.08426966292134831
0 0.4899720149253731 0.7917837078651685 0.10307835820895522 0.08426966292134831
0 0.4881063432835821 0.6220154494382022 0.10167910447761194 0.09094101123595505
0 0.4820429104477612 0.45768960674157305 0.10167910447761194 0.09094101123595505
0 0.48157649253731344 0.37236657303370785 0.10167910447761194 0.09094101123595505
0 0.47971082089552236 0.2891502808988764 0.10167910447761194 0.09094101123595505
0 0.478544776119403 0.2048806179775281 0.10167910447761194 0.09094101123595505
0 0.4763292910447761 0.12341994382022473 0.10237873134328358 0.09375
