0 0.478428171641791 0.3792134831460674 0.09958022388059702 0.08286516853932584
1 0.48076026119402987 0.6165730337078652 0.109375 0.0898876404494382
0 0.47562966417910446 0.055126404494382025 0.09958022388059702 0.08286516853932584
0 0.4744636194029851 0.1365870786516854 0.09958022388059702 0.08286516853932584
0 0.4767957089552239 0.2166432584269663 0.09958022388059702 0.08286516853932584
0 0.4779617537313433 0.2966994382022472 0.09958022388059702 0.08286516853932584
0 0.48076026119402987 0.4589185393258427 0.09958022388059702 0.08286516853932584
0 0.48192630597014924 0.5337078651685393 0.09958022388059702 0.08286516853932584
0 0.48332555970149255 0.7011938202247191 0.1009794776119403 0.07794943820224719
0 0.4844916044776119 0.7784410112359551 0.1009794776119403 0.07794943820224719
0 0.48682369402985076 0.8574438202247191 0.1009794776119403 0.07794943820224719
0 0.48682369402985076 0.9357443820224719 0.1009794776119403 0.07794943820224719
