0 0.5671641791044776 0.6922401685393258 0.11893656716417911 0.09655898876404495
0 0.5825559701492538 0.136938202247191 0.11986940298507463 0.09831460674157304
1 0.5752098880597015 0.5061446629213483 0.11310634328358209 0.09375
0 0.5853544776119403 0.04459269662921348 0.11986940298507463 0.08918539325842696
0 0.5799906716417911 0.23103932584269662 0.11940298507462686 0.09339887640449439
0 0.5778917910447762 0.319873595505618 0.11940298507462686 0.09339887640449439
0 0.5757929104477612 0.41327247191011235 0.11940298507462686 0.09339887640449439
0 0.5694962686567164 0.598314606741573 0.11940298507462686 0.09339887640449439
0 0.5627332089552238 0.7826544943820225 0.11940298507462686 0.09339887640449439
0 0.558535447761194 0.8746488764044944 0.11940298507462686 0.09339887640449439
0 0.5576026119402985 0.9606741573033708 0.11893656716417911 0.07865168539325842
