0 0.2613106343283582 0.5732092696629213 0.10051305970149253 0.15625
1 0.39528917910447764 0.40730337078651685 0.10307835820895522 0.16502808988764045
0 0.8294076492537313 0.15783005617977527 0.11263992537313433 0.16257022471910113
0 0.8680037313432836 0.23911516853932585 0.10587686567164178 0.16081460674157302
0 0.9088152985074627 0.324438202247191 0.10587686567164178 0.16081460674157302
0 0.9468283582089553 0.4080056179775281 0.10587686567164178 0.16081460674157302
0 0.04407649253731343 0.8720154494382022 0.08815298507462686 0.16116573033707865
0 0.07859141791044776 0.8081109550561798 0.10727611940298508 0.1583567415730337
0 0.1226679104477612 0.7505266853932584 0.10774253731343283 0.1618679775280899
0 0.1681436567164179 0.6918890449438202 0.10774253731343283 0.1618679775280899
0 0.212919776119403 0.6325491573033708 0.10774253731343283 0.1618679775280899
0 0.30422108208955223 0.5161516853932584 0.10237873134328358 0.16362359550561797
0 0.3501632462686567 0.4610252808988764 0.10237873134328358 0.16362359550561797
0 0.4390158582089552 0.35217696629213485 0.10004664179104478 0.16081460674157302
0 0.4844916044776119 0.2988061797752809 0.10004664179104478 0.16081460674157302
0 0.5292677238805971 0.2443820224719101 0.10004664179104478 0.16081460674157302
0 0.574043843283582 0.18855337078651685 0.10004664179104478 0.16081460674157302
0 0.6188199626865671 0.13939606741573032 0.10004664179104478 0.16081460674157302
0 0.6659281716417911 0.08918539325842696 0.10004664179104478 0.16081460674157302
