0 0.5213386194029851 0.3792134831460674 0.09958022388059702 0.08286516853932584
1 0.5190065298507462 0.6165730337078652 0.109375 0.0898876404494382
0 0.5241371268656716 0.055126404494382025 0.09958022388059702 0.08286516853932584
0 0.5253031716417911 0.1365870786516854 0.09958022388059702 0.08286516853932584
0 0.5229710820895522 0.2166432584269663 0.09958022388059702 0.08286516853932584
0 0.5218050373134329 0.2966994382022472 0.09958022388059702 0.08286516853932584
0 0.5190065298507462 0.4589185393258427 0.09958022388059702 0.08286516853932584
0 0.5178404850746269 0.5337078651685393 0.09958022388059702 0.08286516853932584
0 0.5164412313432836 0.7011938202247191 0.1009794776119403 0.07794943820224719
0 0.5152751865671642 0.7784410112359551 0.1009794776119403 0.07794943820224719
0 0.5129430970149254 0.8574438202247191 0.1009794776119403 0.07794943820224719
0 0.5129430970149254 0.9357443820224719 0.1009794776119403 0.07794943820224719
