0 0.5360307835820896 0.6824087078651685 0.09025186567164178 0.0684691011235955
0 0.5318330223880597 0.5479283707865169 0.08558768656716417 0.07127808988764045
1 0.523320895522388 0.4116924157303371 0.07975746268656717 0.07338483146067416
1 0.5223880597014925 0.27071629213483145 0.07695895522388059 0.06320224719101124
0 0.535331156716418 0.6132373595505618 0.08558768656716417 0.07127808988764045
0 0.5392957089552238 0.7501755617977528 0.08558768656716417 0.07127808988764045
0 0.5416277985074627 0.8165379213483146 0.08558768656716417 0.07127808988764045
0 0.531133395522388 0.47945926966292135 0.0865205223880597 0.06495786516853932
0 0.5258861940298507 0.3402387640449438 0.08582089552238806 0.07303370786516854
0 0.5200559701492538 0.20751404494382023 0.0830223880597015 0.06882022471910113
0 0.5167910447761194 0.13974719101123595 0.0830223880597015 0.06882022471910113
0 0.5146921641791045 0.06952247191011236 0.0830223880597015 0.06882022471910113
0 0.511777052238806 0.017907303370786515 0.08372201492537314 0.03581460674157303
