0 0.44072830578512395 0.8240740740740741 0.07980371900826447 0.06867283950617284
1 0.43349690082644626 0.6294367283950617 0.08083677685950413 0.06442901234567901
0 0.4443440082644628 0.9544753086419753 0.07980371900826447 0.06867283950617284
0 0.44356921487603307 0.8896604938271605 0.07980371900826447 0.06867283950617284
0 0.44047004132231404 0.7592592592592593 0.07980371900826447 0.06867283950617284
0 0.4368543388429752 0.6932870370370371 0.07980371900826447 0.06867283950617284
0 0.43272210743801653 0.566358024691358 0.07980371900826447 0.06867283950617284
0 0.4306559917355372 0.5046296296296297 0.07980371900826447 0.06867283950617284
0 0.42858987603305787 0.44135802469135804 0.07980371900826447 0.06867283950617284
0 0.424974173553719 0.38078703703703703 0.07980371900826447 0.06867283950617284
0 0.42652376033057854 0.32098765432098764 0.07980371900826447 0.06867283950617284
