0 0.5590134297520661 0.17554012345679013 0.07980371900826447 0.06867283950617284
1 0.5662448347107438 0.37017746913580246 0.08083677685950413 0.06442901234567901
0 0.5553977272727273 0.04513888888888889 0.07980371900826447 0.06867283950617284
0 0.5561725206611571 0.1099537037037037 0.07980371900826447 0.06867283950617284
0 0.559271694214876 0.24035493827160495 0.07980371900826447 0.06867283950617284
0 0.5628873966942148 0.30632716049382713 0.07980371900826447 0.06867283950617284
0 0.5670196280991735 0.4332561728395062 0.07980371900826447 0.06867283950617284
0 0.5690857438016529 0.4949845679012346 0.07980371900826447 0.06867283950617284
0 0.5711518595041323 0.5582561728395061 0.07980371900826447 0.06867283950617284
0 0.5747675619834711 0.6188271604938271 0.07980371900826447 0.06867283950617284
0 0.5732179752066116 0.6786265432098766 0.07980371900826447 0.06867283950617284
