0 0.5590134297520661 0.8240740740740741 0.07980371900826447 0.06867283950617284
1 0.5662448347107438 0.6294367283950617 0.08083677685950413 0.06442901234567901
0 0.5553977272727273 0.9544753086419753 0.07980371900826447 0.06867283950617284
0 0.5561725206611571 0.8896604938271605 0.07980371900826447 0.06867283950617284
0 0.559271694214876 0.7592592592592593 0.07980371900826447 0.06867283950617284
0 0.5628873966942148 0.6932870370370371 0.07980371900826447 0.06867283950617284
0 0.5670196280991735 0.566358024691358 0.07980371900826447 0.06867283950617284
0 0.5690857438016529 0.5046296296296297 0.07980371900826447 0.06867283950617284
0 0.5711518595041323 0.44135802469135804 0.07980371900826447 0.06867283950617284
0 0.5747675619834711 0.38078703703703703 0.07980371900826447 0.06867283950617284
0 0.5732179752066116 0.32098765432098764 0.07980371900826447 0.06867283950617284
