0 0.44072830578512395 0.17554012345679013 0.07980371900826447 0.06867283950617284
1 0.43349690082644626 0.37017746913580246 0.08083677685950413 0.06442901234567901
0 0.4443440082644628 0.04513888888888889 0.07980371900826447 0.06867283950617284
0 0.44356921487603307 0.1099537037037037 0.07980371900826447 0.06867283950617284
0 0.44047004132231404 0.24035493827160495 0.07980371900826447 0.06867283950617284
0 0.4368543388429752 0.30632716049382713 0.07980371900826447 0.06867283950617284
0 0.43272210743801653 0.4332561728395062 0.07980371900826447 0.06867283950617284
0 0.4306559917355372 0.4949845679012346 0.07980371900826447 0.06867283950617284
0 0.42858987603305787 0.5582561728395061 0.07980371900826447 0.06867283950617284
0 0.424974173553719 0.6188271604938271 0.07980371900826447 0.06867283950617284
0 0.42652376033057854 0.6786265432098766 0.07980371900826447 0.06867283950617284
