0 0.37975 0.314 0.0775 0.136
1 0.507 0.451625 0.06666666666666667 0.09825
0 0.6078333333333333 0.564125 0.07866666666666666 0.14125
0 0.5608333333333333 0.518625 0.07866666666666666 0.14125
0 0.4678333333333333 0.41525 0.08266666666666667 0.1335
0 0.4211666666666667 0.36325 0.08266666666666667 0.1335
0 0.32916666666666666 0.25925 0.08266666666666667 0.1335
0 0.2798333333333333 0.20525 0.08266666666666667 0.1335
0 0.23316666666666666 0.15325 0.08266666666666667 0.1335
0 0.18383333333333332 0.09925 0.08266666666666667 0.1335
0 0.13316666666666666 0.0575 0.08 0.115
0 0.766 0.6015 0.06766666666666667 0.151
0 0.815 0.574 0.06766666666666667 0.151
0 0.863 0.546 0.06766666666666667 0.151
0 0.9163333333333333 0.516 0.06766666666666667 0.151
0 0.9643333333333334 0.49 0.06766666666666667 0.151
