0 0.4997417355371901 0.9560185185185185 0.10175619834710743 0.08641975308641975
0 0.5051652892561983 0.7212577160493827 0.10175619834710743 0.08603395061728394
0 0.5136880165289256 0.3271604938271605 0.09762396694214875 0.0787037037037037
0 0.5149793388429752 0.1743827160493827 0.09762396694214875 0.08333333333333333
0 0.5151084710743802 0.09683641975308642 0.10459710743801653 0.07175925925925926
2 0.5133006198347108 0.2517361111111111 0.09994834710743801 0.08449074074074074
2 0.5098140495867769 0.404320987654321 0.1012396694214876 0.08256172839506173
2 0.5099431818181818 0.4853395061728395 0.1071797520661157 0.08641975308641975
2 0.5076188016528925 0.6396604938271605 0.10304752066115702 0.08179012345679013
2 0.502970041322314 0.8804012345679012 0.10046487603305786 0.08873456790123457
0 0.5021952479338843 0.7993827160493827 0.10046487603305786 0.08179012345679013
0 0.5086518595041323 0.5648148148148148 0.10046487603305786 0.08179012345679013
