0 0.735 0.53725 0.09066666666666667 0.161
1 0.5721666666666667 0.4975 0.07866666666666666 0.1255
2 0.15983333333333333 0.3835 0.06333333333333334 0.146
2 0.2990833333333333 0.41875 0.06783333333333333 0.152
2 0.5268333333333334 0.47775 0.06733333333333333 0.158
2 0.4855 0.471 0.06733333333333333 0.158
2 0.413 0.44725 0.06733333333333333 0.158
0 0.20483333333333334 0.3895 0.04833333333333333 0.1545
0 0.22566666666666665 0.39925 0.059666666666666666 0.154
0 0.25433333333333336 0.412 0.037333333333333336 0.154
0 0.64375 0.510875 0.0665 0.16175
0 0.68225 0.526125 0.0665 0.16175
