0 0.47701446280991733 0.4047067901234568 0.0996900826446281 0.08101851851851852
0 0.48011363636363635 0.5599922839506173 0.09917355371900827 0.0775462962962963
0 0.48140495867768596 0.7181712962962963 0.09917355371900827 0.07368827160493827
0 0.4824380165289256 0.7947530864197531 0.0996900826446281 0.0787037037037037
2 0.4839876033057851 0.8738425925925926 0.09917355371900827 0.08256172839506173
2 0.4821797520661157 0.6437114197530864 0.10020661157024793 0.07908950617283951
2 0.4777892561983471 0.4845679012345679 0.10433884297520661 0.0787037037037037
2 0.4753357438016529 0.24209104938271606 0.10304752066115702 0.09683641975308642
0 0.4762396694214876 0.3263888888888889 0.0996900826446281 0.08101851851851852
0 0.4850206611570248 0.9552469135802469 0.0996900826446281 0.08101851851851852
