0 0.735 0.4625 0.09066666666666667 0.161
1 0.5721666666666667 0.50225 0.07866666666666666 0.1255
2 0.15983333333333333 0.61625 0.06333333333333334 0.146
2 0.2990833333333333 0.581 0.06783333333333333 0.152
2 0.5268333333333334 0.522 0.06733333333333333 0.158
2 0.4855 0.52875 0.06733333333333333 0.158
2 0.413 0.5525 0.06733333333333333 0.158
0 0.20483333333333334 0.61025 0.04833333333333333 0.1545
0 0.22566666666666665 0.6005 0.059666666666666666 0.154
0 0.25433333333333336 0.58775 0.037333333333333336 0.154
0 0.64375 0.488875 0.0665 0.16175
0 0.68225 0.473625 0.0665 0.16175
