0 0.5227272727272727 0.5949074074074074 0.0996900826446281 0.08101851851851852
0 0.5196280991735537 0.43962191358024694 0.09917355371900827 0.0775462962962963
0 0.5183367768595041 0.2814429012345679 0.09917355371900827 0.07368827160493827
0 0.5173037190082644 0.2048611111111111 0.0996900826446281 0.0787037037037037
2 0.515754132231405 0.1257716049382716 0.09917355371900827 0.08256172839506173
2 0.5175619834710744 0.3559027777777778 0.10020661157024793 0.07908950617283951
2 0.5219524793388429 0.5150462962962963 0.10433884297520661 0.0787037037037037
2 0.5244059917355371 0.7575231481481481 0.10304752066115702 0.09683641975308642
0 0.5235020661157025 0.6732253086419753 0.0996900826446281 0.08101851851851852
0 0.5147210743801653 0.04436728395061729 0.0996900826446281 0.08101851851851852
