0 0.6200833333333333 0.68575 0.0775 0.136
1 0.49283333333333335 0.548125 0.06666666666666667 0.09825
0 0.392 0.435625 0.07866666666666666 0.14125
0 0.439 0.481125 0.07866666666666666 0.14125
0 0.532 0.5845 0.08266666666666667 0.1335
0 0.5786666666666667 0.6365 0.08266666666666667 0.1335
0 0.6706666666666666 0.7405 0.08266666666666667 0.1335
0 0.72 0.7945 0.08266666666666667 0.1335
0 0.7666666666666667 0.8465 0.08266666666666667 0.1335
0 0.816 0.9005 0.08266666666666667 0.1335
0 0.8666666666666667 0.94225 0.08 0.115
0 0.23383333333333334 0.39825 0.06766666666666667 0.151
0 0.18483333333333332 0.42575 0.06766666666666667 0.151
0 0.13683333333333333 0.45375 0.06766666666666667 0.151
0 0.0835 0.48375 0.06766666666666667 0.151
0 0.0355 0.50975 0.06766666666666667 0.151
