0 0.6200833333333333 0.314 0.0775 0.136
1 0.49283333333333335 0.451625 0.06666666666666667 0.09825
0 0.392 0.564125 0.07866666666666666 0.14125
0 0.439 0.518625 0.07866666666666666 0.14125
0 0.532 0.41525 0.08266666666666667 0.1335
0 0.5786666666666667 0.36325 0.08266666666666667 0.1335
0 0.6706666666666666 0.25925 0.08266666666666667 0.1335
0 0.72 0.20525 0.08266666666666667 0.1335
0 0.7666666666666667 0.15325 0.08266666666666667 0.1335
0 0.816 0.09925 0.08266666666666667 0.1335
0 0.8666666666666667 0.0575 0.08 0.115
0 0.23383333333333334 0.6015 0.06766666666666667 0.151
0 0.18483333333333332 0.574 0.06766666666666667 0.151
0 0.13683333333333333 0.546 0.06766666666666667 0.151
0 0.0835 0.516 0.06766666666666667 0.151
0 0.0355 0.49 0.06766666666666667 0.151
