0 0.5335743801652892 0.5823688271604939 0.11002066115702479 0.0798611111111111
0 0.5347365702479339 0.2025462962962963 0.10304752066115702 0.08024691358024691
0 0.5378357438016529 0.12731481481481483 0.1056301652892562 0.08796296296296297
2 0.534220041322314 0.42997685185185186 0.10459710743801653 0.0783179012345679
2 0.5352530991735537 0.27989969135802467 0.10666322314049587 0.08526234567901235
2 0.5338326446280992 0.5063657407407407 0.10692148760330579 0.08371913580246913
2 0.53150826446281 0.8152006172839507 0.11053719008264463 0.09182098765432099
2 0.5326704545454546 0.6620370370370371 0.11389462809917356 0.08564814814814815
2 0.5325413223140496 0.9645061728395061 0.11260330578512397 0.06944444444444445
0 0.53099173553719 0.3559027777777778 0.11002066115702479 0.0798611111111111
0 0.53125 0.7366898148148148 0.11105371900826447 0.08371913580246913
0 0.5286673553719008 0.7328317901234568 0.11105371900826447 0.08371913580246913
2 0.5358987603305785 0.05767746913580247 0.10692148760330579 0.08371913580246913
