0 0.4997417355371901 0.04359567901234568 0.10175619834710743 0.08641975308641975
0 0.5051652892561983 0.27835648148148145 0.10175619834710743 0.08603395061728394
0 0.5136880165289256 0.6724537037037037 0.09762396694214875 0.0787037037037037
0 0.5149793388429752 0.8252314814814815 0.09762396694214875 0.08333333333333333
0 0.5151084710743802 0.9027777777777778 0.10459710743801653 0.07175925925925926
2 0.5133006198347108 0.7478780864197531 0.09994834710743801 0.08449074074074074
2 0.5098140495867769 0.5952932098765432 0.1012396694214876 0.08256172839506173
2 0.5099431818181818 0.5142746913580247 0.1071797520661157 0.08641975308641975
2 0.5076188016528925 0.3599537037037037 0.10304752066115702 0.08179012345679013
2 0.502970041322314 0.11921296296296297 0.10046487603305786 0.08873456790123457
0 0.5021952479338843 0.20023148148148148 0.10046487603305786 0.08179012345679013
0 0.5086518595041323 0.4347993827160494 0.10046487603305786 0.08179012345679013
