0 0.5335743801652892 0.41724537037037035 0.11002066115702479 0.0798611111111111
0 0.5347365702479339 0.7970679012345679 0.10304752066115702 0.08024691358024691
0 0.5378357438016529 0.8722993827160493 0.1056301652892562 0.08796296296296297
2 0.534220041322314 0.5696373456790124 0.10459710743801653 0.0783179012345679
2 0.5352530991735537 0.7197145061728395 0.10666322314049587 0.08526234567901235
2 0.5338326446280992 0.49324845679012347 0.10692148760330579 0.08371913580246913
2 0.53150826446281 0.18441358024691357 0.11053719008264463 0.09182098765432099
2 0.5326704545454546 0.33757716049382713 0.11389462809917356 0.08564814814814815
2 0.5325413223140496 0.03510802469135803 0.11260330578512397 0.06944444444444445
0 0.53099173553719 0.6437114197530864 0.11002066115702479 0.0798611111111111
0 0.53125 0.2629243827160494 0.11105371900826447 0.08371913580246913
0 0.5286673553719008 0.2667824074074074 0.11105371900826447 0.08371913580246913
2 0.5358987603305785 0.9419367283950617 0.10692148760330579 0.08371913580246913
