0 0.2648333333333333 0.53725 0.09066666666666667 0.161
1 0.42766666666666664 0.4975 0.07866666666666666 0.1255
2 0.84 0.3835 0.06333333333333334 0.146
2 0.70075 0.41875 0.06783333333333333 0.152
2 0.473 0.47775 0.06733333333333333 0.158
2 0.5143333333333333 0.471 0.06733333333333333 0.158
2 0.5868333333333333 0.44725 0.06733333333333333 0.158
0 0.795 0.3895 0.04833333333333333 0.1545
0 0.7741666666666667 0.39925 0.059666666666666666 0.154
0 0.7455 0.412 0.037333333333333336 0.154
0 0.3560833333333333 0.510875 0.0665 0.16175
0 0.31758333333333333 0.526125 0.0665 0.16175
