0 0.5 0.04359567901234568 0.10175619834710743 0.08641975308641975
0 0.49457644628099173 0.27835648148148145 0.10175619834710743 0.08603395061728394
0 0.48605371900826444 0.6724537037037037 0.09762396694214875 0.0787037037037037
0 0.4847623966942149 0.8252314814814815 0.09762396694214875 0.08333333333333333
0 0.4846332644628099 0.9027777777777778 0.10459710743801653 0.07175925925925926
2 0.48644111570247933 0.7478780864197531 0.09994834710743801 0.08449074074074074
2 0.48992768595041325 0.5952932098765432 0.1012396694214876 0.08256172839506173
2 0.48979855371900827 0.5142746913580247 0.1071797520661157 0.08641975308641975
2 0.4921229338842975 0.3599537037037037 0.10304752066115702 0.08179012345679013
2 0.49677169421487605 0.11921296296296297 0.10046487603305786 0.08873456790123457
0 0.4975464876033058 0.20023148148148148 0.10046487603305786 0.08179012345679013
0 0.49108987603305787 0.4347993827160494 0.10046487603305786 0.08179012345679013
