0 0.5 0.9560185185185185 0.10175619834710743 0.08641975308641975
0 0.49457644628099173 0.7212577160493827 0.10175619834710743 0.08603395061728394
0 0.48605371900826444 0.3271604938271605 0.09762396694214875 0.0787037037037037
0 0.4847623966942149 0.1743827160493827 0.09762396694214875 0.08333333333333333
0 0.4846332644628099 0.09683641975308642 0.10459710743801653 0.07175925925925926
2 0.48644111570247933 0.2517361111111111 0.09994834710743801 0.08449074074074074
2 0.48992768595041325 0.404320987654321 0.1012396694214876 0.08256172839506173
2 0.48979855371900827 0.4853395061728395 0.1071797520661157 0.08641975308641975
2 0.4921229338842975 0.6396604938271605 0.10304752066115702 0.08179012345679013
2 0.49677169421487605 0.8804012345679012 0.10046487603305786 0.08873456790123457
0 0.4975464876033058 0.7993827160493827 0.10046487603305786 0.08179012345679013
0 0.49108987603305787 0.5648148148148148 0.10046487603305786 0.08179012345679013
