0 0.37975 0.68575 0.0775 0.136
1 0.507 0.548125 0.06666666666666667 0.09825
0 0.6078333333333333 0.435625 0.07866666666666666 0.14125
0 0.5608333333333333 0.481125 0.07866666666666666 0.14125
0 0.4678333333333333 0.5845 0.08266666666666667 0.1335
0 0.4211666666666667 0.6365 0.08266666666666667 0.1335
0 0.32916666666666666 0.7405 0.08266666666666667 0.1335
0 0.2798333333333333 0.7945 0.08266666666666667 0.1335
0 0.23316666666666666 0.8465 0.08266666666666667 0.1335
0 0.18383333333333332 0.9005 0.08266666666666667 0.1335
0 0.13316666666666666 0.94225 0.08 0.115
0 0.766 0.39825 0.06766666666666667 0.151
0 0.815 0.42575 0.06766666666666667 0.151
0 0.863 0.45375 0.06766666666666667 0.151
0 0.9163333333333333 0.48375 0.06766666666666667 0.151
0 0.9643333333333334 0.50975 0.06766666666666667 0.151
