0 0.46616735537190085 0.5823688271604939 0.11002066115702479 0.0798611111111111
0 0.4650051652892562 0.2025462962962963 0.10304752066115702 0.08024691358024691
0 0.4619059917355372 0.12731481481481483 0.1056301652892562 0.08796296296296297
2 0.46552169421487605 0.42997685185185186 0.10459710743801653 0.0783179012345679
2 0.46448863636363635 0.27989969135802467 0.10666322314049587 0.08526234567901235
2 0.4659090909090909 0.5063657407407407 0.10692148760330579 0.08371913580246913
2 0.4682334710743802 0.8152006172839507 0.11053719008264463 0.09182098765432099
2 0.46707128099173556 0.6620370370370371 0.11389462809917356 0.08564814814814815
2 0.4672004132231405 0.9645061728395061 0.11260330578512397 0.06944444444444445
0 0.46875 0.3559027777777778 0.11002066115702479 0.0798611111111111
0 0.4684917355371901 0.7366898148148148 0.11105371900826447 0.08371913580246913
0 0.47107438016528924 0.7328317901234568 0.11105371900826447 0.08371913580246913
2 0.46384297520661155 0.05767746913580247 0.10692148760330579 0.08371913580246913
