0 0.36933333333333335 0.528625 0.06766666666666667 0.16325
0 0.6574166666666666 0.479375 0.07583333333333334 0.18075
2 0.51375 0.507125 0.07416666666666667 0.17475
2 0.8156666666666667 0.447875 0.097 0.18825
2 0.27091666666666664 0.546125 0.0665 0.17025
2 0.30491666666666667 0.533625 0.0665 0.17025
2 0.40441666666666665 0.524625 0.0665 0.17025
0 0.338 0.533625 0.06766666666666667 0.16325
0 0.4395833333333333 0.51725 0.0685 0.1665
0 0.47491666666666665 0.5125 0.0685 0.1665
0 0.5454166666666667 0.500625 0.06816666666666667 0.16925
0 0.58225 0.4935 0.06816666666666667 0.1715
0 0.6175833333333334 0.48625 0.06816666666666667 0.1715
2 0.6921666666666667 0.472 0.07266666666666667 0.1735
0 0.7301666666666666 0.46425 0.072 0.1745
0 0.7673333333333333 0.455 0.074 0.174
0 0.18425 0.401625 0.0975 0.11825
0 0.15675 0.320125 0.0975 0.11825
0 0.12975 0.240875 0.0975 0.11825
0 0.10225 0.161625 0.0975 0.11825
0 0.07791666666666666 0.079375 0.0975 0.11825
