0 0.7753333333333333 0.55625 0.057666666666666665 0.162
0 0.8053333333333333 0.559375 0.064 0.15225
0 0.3865 0.4965 0.068 0.167
2 0.4633333333333333 0.5025 0.06266666666666666 0.184
2 0.5370833333333334 0.519 0.0565 0.1695
2 0.6378333333333334 0.53225 0.06 0.167
2 0.7080833333333333 0.5435 0.0575 0.171
2 0.2524166666666667 0.48425 0.09383333333333334 0.1735
0 0.9611666666666666 0.84325 0.07733333333333334 0.118
0 0.9310833333333334 0.770875 0.08483333333333333 0.11725
0 0.8985833333333333 0.695125 0.08483333333333333 0.11725
0 0.34258333333333335 0.492875 0.06883333333333333 0.17225
