0 0.498 0.207625 0.10033333333333333 0.08525
1 0.5098333333333334 0.654125 0.09866666666666667 0.07225
1 0.517 0.544625 0.082 0.07675
1 0.5023333333333333 0.38025 0.10233333333333333 0.086
0 0.49716666666666665 0.134 0.09866666666666667 0.104
0 0.49866666666666665 0.26375 0.09866666666666667 0.079
0 0.5005 0.3245 0.09866666666666667 0.079
0 0.5063333333333333 0.49275 0.09866666666666667 0.079
0 0.5121666666666667 0.76075 0.09866666666666667 0.079
0 0.5159166666666667 0.811625 0.09383333333333334 0.08025
0 0.51675 0.863375 0.09383333333333334 0.08025
0 0.5195833333333333 0.915875 0.09383333333333334 0.08025
0 0.51975 0.964875 0.09316666666666666 0.07025
