0 0.49441666666666667 0.752125 0.08416666666666667 0.06875
2 0.5053333333333333 0.1485 0.09 0.107
0 0.49275 0.803875 0.08416666666666667 0.06875
0 0.49275 0.853875 0.08416666666666667 0.06875
0 0.4910833333333333 0.905625 0.08416666666666667 0.06875
0 0.4955833333333333 0.702625 0.08416666666666667 0.06875
0 0.49675 0.649125 0.08416666666666667 0.06875
0 0.49725 0.595625 0.08416666666666667 0.06875
0 0.5000833333333333 0.545375 0.08416666666666667 0.06875
0 0.4994166666666667 0.493625 0.08416666666666667 0.06875
0 0.50225 0.437625 0.08416666666666667 0.06875
2 0.5065 0.219375 0.08666666666666667 0.07025
2 0.5036666666666667 0.271875 0.08666666666666667 0.07025
2 0.5048333333333334 0.331375 0.08666666666666667 0.07025
2 0.5025 0.383875 0.08666666666666667 0.07025
