0 0.50575 0.73275 0.0905 0.0785
1 0.509 0.52425 0.086 0.061
0 0.5021666666666667 0.95525 0.092 0.089
0 0.5040833333333333 0.73025 0.0905 0.0785
0 0.5028333333333334 0.89675 0.092 0.089
0 0.5035 0.84275 0.092 0.089
0 0.5055 0.79075 0.092 0.089
0 0.5051666666666667 0.68325 0.092 0.089
0 0.5071666666666667 0.62875 0.092 0.089
0 0.5071666666666667 0.57775 0.092 0.089
0 0.5095 0.4755 0.08666666666666667 0.0855
0 0.5098333333333334 0.425 0.08666666666666667 0.0855
0 0.5095 0.3755 0.08666666666666667 0.0855
0 0.5108333333333334 0.3255 0.08666666666666667 0.0855
0 0.5101666666666667 0.2755 0.08666666666666667 0.0855
0 0.5115 0.224 0.08666666666666667 0.0855
0 0.5111666666666667 0.1765 0.08666666666666667 0.0855
