0 0.5054166666666666 0.752125 0.08416666666666667 0.06875
2 0.4945 0.1485 0.09 0.107
0 0.5070833333333333 0.803875 0.08416666666666667 0.06875
0 0.5070833333333333 0.853875 0.08416666666666667 0.06875
0 0.50875 0.905625 0.08416666666666667 0.06875
0 0.50425 0.702625 0.08416666666666667 0.06875
0 0.5030833333333333 0.649125 0.08416666666666667 0.06875
0 0.5025833333333334 0.595625 0.08416666666666667 0.06875
0 0.49975 0.545375 0.08416666666666667 0.06875
0 0.5004166666666666 0.493625 0.08416666666666667 0.06875
0 0.4975833333333333 0.437625 0.08416666666666667 0.06875
2 0.49333333333333335 0.219375 0.08666666666666667 0.07025
2 0.49616666666666664 0.271875 0.08666666666666667 0.07025
2 0.495 0.331375 0.08666666666666667 0.07025
2 0.49733333333333335 0.383875 0.08666666666666667 0.07025
