0 0.6565833333333333 0.333625 0.0925 0.21975
1 0.5175 0.416125 0.081 0.21025
0 0.14583333333333334 0.432875 0.10766666666666666 0.19425
0 0.08366666666666667 0.366875 0.10766666666666666 0.19425
0 0.034583333333333334 0.293125 0.06916666666666667 0.17975
0 0.3794166666666667 0.486125 0.0975 0.22075
0 0.452 0.450625 0.105 0.21325
0 0.5915 0.374375 0.105 0.21325
0 0.7328333333333333 0.294125 0.105 0.21325
0 0.8058333333333333 0.256625 0.105 0.21325
0 0.88075 0.216875 0.1045 0.22275
0 0.9485 0.174375 0.09233333333333334 0.21875
