0 0.34325 0.333625 0.0925 0.21975
1 0.48233333333333334 0.416125 0.081 0.21025
0 0.854 0.432875 0.10766666666666666 0.19425
0 0.9161666666666667 0.366875 0.10766666666666666 0.19425
0 0.96525 0.293125 0.06916666666666667 0.17975
0 0.6204166666666666 0.486125 0.0975 0.22075
0 0.5478333333333333 0.450625 0.105 0.21325
0 0.4083333333333333 0.374375 0.105 0.21325
0 0.267 0.294125 0.105 0.21325
0 0.194 0.256625 0.105 0.21325
0 0.11908333333333333 0.216875 0.1045 0.22275
0 0.051333333333333335 0.174375 0.09233333333333334 0.21875
