0 0.7753333333333333 0.4435 0.057666666666666665 0.162
0 0.8053333333333333 0.440375 0.064 0.15225
0 0.3865 0.50325 0.068 0.167
2 0.4633333333333333 0.49725 0.06266666666666666 0.184
2 0.5370833333333334 0.48075 0.0565 0.1695
2 0.6378333333333334 0.4675 0.06 0.167
2 0.7080833333333333 0.45625 0.0575 0.171
2 0.2524166666666667 0.5155 0.09383333333333334 0.1735
0 0.9611666666666666 0.1565 0.07733333333333334 0.118
0 0.9310833333333334 0.228875 0.08483333333333333 0.11725
0 0.8985833333333333 0.304625 0.08483333333333333 0.11725
0 0.34258333333333335 0.506875 0.06883333333333333 0.17225
