0 0.50575 0.267 0.0905 0.0785
1 0.509 0.4755 0.086 0.061
0 0.5021666666666667 0.0445 0.092 0.089
0 0.5040833333333333 0.2695 0.0905 0.0785
0 0.5028333333333334 0.103 0.092 0.089
0 0.5035 0.157 0.092 0.089
0 0.5055 0.209 0.092 0.089
0 0.5051666666666667 0.3165 0.092 0.089
0 0.5071666666666667 0.371 0.092 0.089
0 0.5071666666666667 0.422 0.092 0.089
0 0.5095 0.52425 0.08666666666666667 0.0855
0 0.5098333333333334 0.57475 0.08666666666666667 0.0855
0 0.5095 0.62425 0.08666666666666667 0.0855
0 0.5108333333333334 0.67425 0.08666666666666667 0.0855
0 0.5101666666666667 0.72425 0.08666666666666667 0.0855
0 0.5115 0.77575 0.08666666666666667 0.0855
0 0.5111666666666667 0.82325 0.08666666666666667 0.0855
