0 0.46066666666666667 0.494375 0.06766666666666667 0.17775
0 0.3755833333333333 0.50625 0.0765 0.185
2 0.5411666666666667 0.490625 0.06433333333333334 0.16825
2 0.18733333333333332 0.517 0.10833333333333334 0.1925
0 0.9085 0.610125 0.086 0.12075
0 0.9453333333333334 0.678125 0.086 0.12075
0 0.96825 0.770375 0.06316666666666666 0.11825
2 0.2911666666666667 0.510625 0.074 0.19325
2 0.5736666666666667 0.4915 0.074 0.1755
2 0.76075 0.483 0.06783333333333333 0.1755
2 0.6950833333333334 0.486 0.06116666666666667 0.1695
0 0.41933333333333334 0.499625 0.06766666666666667 0.17775
0 0.8035 0.49025 0.05266666666666667 0.176
