0 0.6598333333333334 0.448625 0.08033333333333334 0.19225
0 0.7301666666666666 0.432375 0.08233333333333333 0.19275
2 0.3749166666666667 0.554125 0.0875 0.20925
2 0.16841666666666666 0.630875 0.12516666666666668 0.22775
2 0.22208333333333333 0.622125 0.0875 0.20925
2 0.26175 0.606875 0.0875 0.20925
2 0.30075 0.581375 0.0875 0.20925
2 0.40941666666666665 0.542375 0.0875 0.20925
2 0.4835833333333333 0.519625 0.0875 0.20925
2 0.5185833333333333 0.503625 0.0875 0.20925
2 0.5564166666666667 0.490875 0.0875 0.20925
0 0.6971666666666667 0.437625 0.08033333333333334 0.19225
