0 0.34 0.551125 0.08033333333333334 0.19225
0 0.26966666666666667 0.567375 0.08233333333333333 0.19275
2 0.6249166666666667 0.445625 0.0875 0.20925
2 0.8314166666666667 0.368875 0.12516666666666668 0.22775
2 0.77775 0.377625 0.0875 0.20925
2 0.7380833333333333 0.392875 0.0875 0.20925
2 0.6990833333333333 0.418375 0.0875 0.20925
2 0.5904166666666667 0.457375 0.0875 0.20925
2 0.51625 0.480125 0.0875 0.20925
2 0.48125 0.496125 0.0875 0.20925
2 0.4434166666666667 0.508875 0.0875 0.20925
0 0.30266666666666664 0.562125 0.08033333333333334 0.19225
