0 0.4940833333333333 0.73275 0.0905 0.0785
1 0.49083333333333334 0.52425 0.086 0.061
0 0.49766666666666665 0.95525 0.092 0.089
0 0.49575 0.73025 0.0905 0.0785
0 0.497 0.89675 0.092 0.089
0 0.49633333333333335 0.84275 0.092 0.089
0 0.49433333333333335 0.79075 0.092 0.089
0 0.49466666666666664 0.68325 0.092 0.089
0 0.49266666666666664 0.62875 0.092 0.089
0 0.49266666666666664 0.57775 0.092 0.089
0 0.49033333333333334 0.4755 0.08666666666666667 0.0855
0 0.49 0.425 0.08666666666666667 0.0855
0 0.49033333333333334 0.3755 0.08666666666666667 0.0855
0 0.489 0.3255 0.08666666666666667 0.0855
0 0.48966666666666664 0.2755 0.08666666666666667 0.0855
0 0.48833333333333334 0.224 0.08666666666666667 0.0855
0 0.4886666666666667 0.1765 0.08666666666666667 0.0855
