0 0.5018333333333334 0.792125 0.10033333333333333 0.08525
1 0.49 0.345625 0.09866666666666667 0.07225
1 0.48283333333333334 0.455125 0.082 0.07675
1 0.4975 0.6195 0.10233333333333333 0.086
0 0.5026666666666667 0.86575 0.09866666666666667 0.104
0 0.5011666666666666 0.736 0.09866666666666667 0.079
0 0.49933333333333335 0.67525 0.09866666666666667 0.079
0 0.4935 0.507 0.09866666666666667 0.079
0 0.4876666666666667 0.239 0.09866666666666667 0.079
0 0.48391666666666666 0.188125 0.09383333333333334 0.08025
0 0.4830833333333333 0.136375 0.09383333333333334 0.08025
0 0.48025 0.083875 0.09383333333333334 0.08025
0 0.4800833333333333 0.035125 0.09316666666666666 0.07025
