0 0.46066666666666667 0.505375 0.06766666666666667 0.17775
0 0.3755833333333333 0.4935 0.0765 0.185
2 0.5411666666666667 0.509125 0.06433333333333334 0.16825
2 0.18733333333333332 0.48275 0.10833333333333334 0.1925
0 0.9085 0.389625 0.086 0.12075
0 0.9453333333333334 0.321625 0.086 0.12075
0 0.96825 0.229375 0.06316666666666666 0.11825
2 0.2911666666666667 0.489125 0.074 0.19325
2 0.5736666666666667 0.50825 0.074 0.1755
2 0.76075 0.51675 0.06783333333333333 0.1755
2 0.6950833333333334 0.51375 0.06116666666666667 0.1695
0 0.41933333333333334 0.500125 0.06766666666666667 0.17775
0 0.8035 0.5095 0.05266666666666667 0.176
