0 0.4940833333333333 0.267 0.0905 0.0785
1 0.49083333333333334 0.4755 0.086 0.061
0 0.49766666666666665 0.0445 0.092 0.089
0 0.49575 0.2695 0.0905 0.0785
0 0.497 0.103 0.092 0.089
0 0.49633333333333335 0.157 0.092 0.089
0 0.49433333333333335 0.209 0.092 0.089
0 0.49466666666666664 0.3165 0.092 0.089
0 0.49266666666666664 0.371 0.092 0.089
0 0.49266666666666664 0.422 0.092 0.089
0 0.49033333333333334 0.52425 0.08666666666666667 0.0855
0 0.49 0.57475 0.08666666666666667 0.0855
0 0.49033333333333334 0.62425 0.08666666666666667 0.0855
0 0.489 0.67425 0.08666666666666667 0.0855
0 0.48966666666666664 0.72425 0.08666666666666667 0.0855
0 0.48833333333333334 0.77575 0.08666666666666667 0.0855
0 0.4886666666666667 0.82325 0.08666666666666667 0.0855
