0 0.49441666666666667 0.247625 0.08416666666666667 0.06875
2 0.5053333333333333 0.85125 0.09 0.107
0 0.49275 0.195875 0.08416666666666667 0.06875
0 0.49275 0.145875 0.08416666666666667 0.06875
0 0.4910833333333333 0.094125 0.08416666666666667 0.06875
0 0.4955833333333333 0.297125 0.08416666666666667 0.06875
0 0.49675 0.350625 0.08416666666666667 0.06875
0 0.49725 0.404125 0.08416666666666667 0.06875
0 0.5000833333333333 0.454375 0.08416666666666667 0.06875
0 0.4994166666666667 0.506125 0.08416666666666667 0.06875
0 0.50225 0.562125 0.08416666666666667 0.06875
2 0.5065 0.780375 0.08666666666666667 0.07025
2 0.5036666666666667 0.727875 0.08666666666666667 0.07025
2 0.5048333333333334 0.668375 0.08666666666666667 0.07025
2 0.5025 0.615875 0.08666666666666667 0.07025
