0 0.5054166666666666 0.247625 0.08416666666666667 0.06875
2 0.4945 0.85125 0.09 0.107
0 0.5070833333333333 0.195875 0.08416666666666667 0.06875
0 0.5070833333333333 0.145875 0.08416666666666667 0.06875
0 0.50875 0.094125 0.08416666666666667 0.06875
0 0.50425 0.297125 0.08416666666666667 0.06875
0 0.5030833333333333 0.350625 0.08416666666666667 0.06875
0 0.5025833333333334 0.404125 0.08416666666666667 0.06875
0 0.49975 0.454375 0.08416666666666667 0.06875
0 0.5004166666666666 0.506125 0.08416666666666667 0.06875
0 0.4975833333333333 0.562125 0.08416666666666667 0.06875
2 0.49333333333333335 0.780375 0.08666666666666667 0.07025
2 0.49616666666666664 0.727875 0.08666666666666667 0.07025
2 0.495 0.668375 0.08666666666666667 0.07025
2 0.49733333333333335 0.615875 0.08666666666666667 0.07025
