0 0.5391666666666667 0.505375 0.06766666666666667 0.17775
0 0.62425 0.4935 0.0765 0.185
2 0.45866666666666667 0.509125 0.06433333333333334 0.16825
2 0.8125 0.48275 0.10833333333333334 0.1925
0 0.09133333333333334 0.389625 0.086 0.12075
0 0.0545 0.321625 0.086 0.12075
0 0.03158333333333333 0.229375 0.06316666666666666 0.11825
2 0.7086666666666667 0.489125 0.074 0.19325
2 0.4261666666666667 0.50825 0.074 0.1755
2 0.23908333333333334 0.51675 0.06783333333333333 0.1755
2 0.30475 0.51375 0.06116666666666667 0.1695
0 0.5805 0.500125 0.06766666666666667 0.17775
0 0.19633333333333333 0.5095 0.05266666666666667 0.176
