0 0.498 0.792125 0.10033333333333333 0.08525
1 0.5098333333333334 0.345625 0.09866666666666667 0.07225
1 0.517 0.455125 0.082 0.07675
1 0.5023333333333333 0.6195 0.10233333333333333 0.086
0 0.49716666666666665 0.86575 0.09866666666666667 0.104
0 0.49866666666666665 0.736 0.09866666666666667 0.079
0 0.5005 0.67525 0.09866666666666667 0.079
0 0.5063333333333333 0.507 0.09866666666666667 0.079
0 0.5121666666666667 0.239 0.09866666666666667 0.079
0 0.5159166666666667 0.188125 0.09383333333333334 0.08025
0 0.51675 0.136375 0.09383333333333334 0.08025
0 0.5195833333333333 0.083875 0.09383333333333334 0.08025
0 0.51975 0.035125 0.09316666666666666 0.07025
