0 0.6305 0.471125 0.06766666666666667 0.16325
0 0.34241666666666665 0.520375 0.07583333333333334 0.18075
2 0.4860833333333333 0.492625 0.07416666666666667 0.17475
2 0.18416666666666667 0.551875 0.097 0.18825
2 0.7289166666666667 0.453625 0.0665 0.17025
2 0.6949166666666666 0.466125 0.0665 0.17025
2 0.5954166666666667 0.475125 0.0665 0.17025
0 0.6618333333333334 0.466125 0.06766666666666667 0.16325
0 0.56025 0.4825 0.0685 0.1665
0 0.5249166666666667 0.48725 0.0685 0.1665
0 0.4544166666666667 0.499125 0.06816666666666667 0.16925
0 0.4175833333333333 0.50625 0.06816666666666667 0.1715
0 0.38225 0.5135 0.06816666666666667 0.1715
2 0.30766666666666664 0.52775 0.07266666666666667 0.1735
0 0.26966666666666667 0.5355 0.072 0.1745
0 0.2325 0.54475 0.074 0.174
0 0.8155833333333333 0.598125 0.0975 0.11825
0 0.8430833333333333 0.679625 0.0975 0.11825
0 0.8700833333333333 0.758875 0.0975 0.11825
0 0.8975833333333333 0.838125 0.0975 0.11825
0 0.9219166666666667 0.920375 0.0975 0.11825
