0 0.5005833333333334 0.404875 0.07816666666666666 0.06925
0 0.49433333333333335 0.4955 0.08066666666666666 0.071
2 0.4745 0.849 0.08533333333333333 0.0975
0 0.4810833333333333 0.739375 0.0855 0.07675
0 0.4855833333333333 0.690125 0.0855 0.07675
0 0.48725 0.640125 0.0855 0.07675
0 0.4905833333333333 0.592625 0.0855 0.07675
0 0.49225 0.545125 0.0855 0.07675
0 0.4974166666666667 0.452 0.08316666666666667 0.07
0 0.49975 0.36325 0.07983333333333334 0.0675
0 0.5059166666666667 0.3155 0.0765 0.068
0 0.5081666666666667 0.276125 0.07866666666666666 0.06875
0 0.5098333333333334 0.23325 0.07866666666666666 0.0695
0 0.5126666666666667 0.19375 0.07866666666666666 0.0635
0 0.5143333333333333 0.15225 0.07866666666666666 0.0635
