0 0.4885 0.658625 0.081 0.07475
1 0.4755 0.520875 0.07366666666666667 0.06825
0 0.4746666666666667 0.454125 0.081 0.07475
0 0.4836666666666667 0.591 0.08733333333333333 0.0685
0 0.495 0.725375 0.081 0.07475
0 0.49733333333333335 0.792125 0.081 0.07475
0 0.5025 0.858875 0.081 0.07475
0 0.5071666666666667 0.922125 0.081 0.07475
0 0.5743333333333334 0.440125 0.081 0.07475
0 0.5771666666666667 0.507625 0.081 0.07475
0 0.5841666666666666 0.573375 0.081 0.07475
0 0.5858333333333333 0.575875 0.081 0.07475
0 0.5893333333333334 0.708625 0.081 0.07475
0 0.5951666666666666 0.772625 0.081 0.07475
0 0.601 0.840125 0.081 0.07475
0 0.6068333333333333 0.906875 0.081 0.07475
0 0.6100833333333333 0.968375 0.08416666666666667 0.06325
