0 0.49116666666666664 0.61675 0.07366666666666667 0.0665
1 0.49666666666666665 0.807875 0.075 0.08475
0 0.49583333333333335 0.7545 0.07366666666666667 0.0665
0 0.4945 0.70725 0.07366666666666667 0.0665
0 0.49366666666666664 0.6645 0.07366666666666667 0.0665
0 0.49133333333333334 0.57325 0.07366666666666667 0.0665
0 0.488 0.53275 0.07366666666666667 0.0665
0 0.4885 0.489 0.07366666666666667 0.0665
0 0.485 0.448 0.07366666666666667 0.0665
0 0.485 0.4055 0.07366666666666667 0.0665
0 0.485 0.367 0.07366666666666667 0.0665
0 0.48341666666666666 0.324 0.06816666666666667 0.0615
0 0.4805833333333333 0.2835 0.06816666666666667 0.0615
0 0.4800833333333333 0.244 0.06816666666666667 0.0615
0 0.4795833333333333 0.206 0.06816666666666667 0.0615
1 0.4775 0.17125 0.06533333333333333 0.048
