0 0.517 0.608375 0.10833333333333334 0.09725
2 0.4865 0.131375 0.11733333333333333 0.14275
0 0.5108333333333334 0.561625 0.10833333333333334 0.09725
0 0.5103333333333333 0.501375 0.10833333333333334 0.09725
0 0.5046666666666667 0.445375 0.10833333333333334 0.09725
0 0.5013333333333333 0.390875 0.10833333333333334 0.09725
0 0.498 0.333875 0.10833333333333334 0.09725
0 0.494 0.272625 0.10833333333333334 0.09725
0 0.5183333333333333 0.666375 0.10833333333333334 0.09725
0 0.5218333333333334 0.716375 0.10833333333333334 0.09725
0 0.5263333333333333 0.768125 0.10833333333333334 0.09725
0 0.5298333333333334 0.818125 0.10833333333333334 0.09725
0 0.5378333333333334 0.865625 0.10833333333333334 0.09725
0 0.5338333333333334 0.914875 0.10833333333333334 0.09725
0 0.539 0.951375 0.10833333333333334 0.09725
