0 0.5113333333333333 0.341125 0.081 0.07475
1 0.5243333333333333 0.478875 0.07366666666666667 0.06825
0 0.5251666666666667 0.545625 0.081 0.07475
0 0.5161666666666667 0.40875 0.08733333333333333 0.0685
0 0.5048333333333334 0.274375 0.081 0.07475
0 0.5025 0.207625 0.081 0.07475
0 0.49733333333333335 0.140875 0.081 0.07475
0 0.49266666666666664 0.077625 0.081 0.07475
0 0.4255 0.559625 0.081 0.07475
0 0.4226666666666667 0.492125 0.081 0.07475
0 0.4156666666666667 0.426375 0.081 0.07475
0 0.414 0.423875 0.081 0.07475
0 0.4105 0.291125 0.081 0.07475
0 0.4046666666666667 0.227125 0.081 0.07475
0 0.3988333333333333 0.159625 0.081 0.07475
0 0.393 0.092875 0.081 0.07475
0 0.38975 0.031625 0.08416666666666667 0.06325
