0 0.6584166666666667 0.63675 0.12416666666666666 0.2885
1 0.4675 0.5875 0.12933333333333333 0.313
0 0.7805833333333333 0.657 0.12416666666666666 0.2885
0 0.7189166666666666 0.64325 0.12416666666666666 0.2885
0 0.59225 0.6215 0.12416666666666666 0.2885
0 0.39625 0.57725 0.12616666666666668 0.302
0 0.33425 0.562875 0.12883333333333333 0.30375
0 0.2654166666666667 0.5455 0.13283333333333333 0.303
0 0.19358333333333333 0.525 0.13283333333333333 0.303
0 0.12791666666666668 0.50375 0.13283333333333333 0.303
0 0.063 0.48725 0.126 0.304
