0 0.5113333333333333 0.658625 0.081 0.07475
1 0.5243333333333333 0.520875 0.07366666666666667 0.06825
0 0.5251666666666667 0.454125 0.081 0.07475
0 0.5161666666666667 0.591 0.08733333333333333 0.0685
0 0.5048333333333334 0.725375 0.081 0.07475
0 0.5025 0.792125 0.081 0.07475
0 0.49733333333333335 0.858875 0.081 0.07475
0 0.49266666666666664 0.922125 0.081 0.07475
0 0.4255 0.440125 0.081 0.07475
0 0.4226666666666667 0.507625 0.081 0.07475
0 0.4156666666666667 0.573375 0.081 0.07475
0 0.414 0.575875 0.081 0.07475
0 0.4105 0.708625 0.081 0.07475
0 0.4046666666666667 0.772625 0.081 0.07475
0 0.3988333333333333 0.840125 0.081 0.07475
0 0.393 0.906875 0.081 0.07475
0 0.38975 0.968375 0.08416666666666667 0.06325
