0 0.34141666666666665 0.63675 0.12416666666666666 0.2885
1 0.5323333333333333 0.5875 0.12933333333333333 0.313
0 0.21925 0.657 0.12416666666666666 0.2885
0 0.28091666666666665 0.64325 0.12416666666666666 0.2885
0 0.40758333333333335 0.6215 0.12416666666666666 0.2885
0 0.6035833333333334 0.57725 0.12616666666666668 0.302
0 0.6655833333333333 0.562875 0.12883333333333333 0.30375
0 0.7344166666666667 0.5455 0.13283333333333333 0.303
0 0.80625 0.525 0.13283333333333333 0.303
0 0.8719166666666667 0.50375 0.13283333333333333 0.303
0 0.9368333333333333 0.48725 0.126 0.304
