0 0.4885 0.341125 0.081 0.07475
1 0.4755 0.478875 0.07366666666666667 0.06825
0 0.4746666666666667 0.545625 0.081 0.07475
0 0.4836666666666667 0.40875 0.08733333333333333 0.0685
0 0.495 0.274375 0.081 0.07475
0 0.49733333333333335 0.207625 0.081 0.07475
0 0.5025 0.140875 0.081 0.07475
0 0.5071666666666667 0.077625 0.081 0.07475
0 0.5743333333333334 0.559625 0.081 0.07475
0 0.5771666666666667 0.492125 0.081 0.07475
0 0.5841666666666666 0.426375 0.081 0.07475
0 0.5858333333333333 0.423875 0.081 0.07475
0 0.5893333333333334 0.291125 0.081 0.07475
0 0.5951666666666666 0.227125 0.081 0.07475
0 0.601 0.159625 0.081 0.07475
0 0.6068333333333333 0.092875 0.081 0.07475
0 0.6100833333333333 0.031625 0.08416666666666667 0.06325
