0 0.21258333333333335 0.59125 0.059833333333333336 0.178
0 0.3125 0.57025 0.06166666666666667 0.1805
1 0.5070833333333333 0.54025 0.04516666666666667 0.181
1 0.4685 0.548125 0.06533333333333333 0.16675
0 0.2618333333333333 0.58175 0.06166666666666667 0.1805
0 0.16233333333333333 0.602 0.06166666666666667 0.1805
0 0.11516666666666667 0.6135 0.06166666666666667 0.1805
0 0.0705 0.6205 0.06166666666666667 0.1805
0 0.027 0.63125 0.054 0.1825
0 0.030833333333333334 0.45525 0.06166666666666667 0.1805
0 0.07333333333333333 0.437875 0.06233333333333333 0.18025
0 0.12133333333333333 0.435125 0.06233333333333333 0.18025
0 0.167 0.428625 0.06233333333333333 0.18025
0 0.21383333333333332 0.413375 0.06233333333333333 0.18025
0 0.2618333333333333 0.405125 0.06233333333333333 0.18025
0 0.31233333333333335 0.394125 0.06233333333333333 0.18025
0 0.3621666666666667 0.385875 0.06233333333333333 0.18025
0 0.4096666666666667 0.372375 0.06233333333333333 0.18025
0 0.46408333333333335 0.36025 0.06916666666666667 0.1815
0 0.5110833333333333 0.348375 0.0705 0.18125
0 0.56125 0.335375 0.07483333333333334 0.18225
0 0.62075 0.327625 0.0905 0.17975
0 0.5730833333333333 0.513875 0.0905 0.17975
0 0.3611666666666667 0.56125 0.06166666666666667 0.1805
