0 0.49925 0.594875 0.07816666666666666 0.06925
0 0.5055 0.50425 0.08066666666666666 0.071
2 0.5253333333333333 0.15075 0.08533333333333333 0.0975
0 0.51875 0.260375 0.0855 0.07675
0 0.51425 0.309625 0.0855 0.07675
0 0.5125833333333333 0.359625 0.0855 0.07675
0 0.50925 0.407125 0.0855 0.07675
0 0.5075833333333334 0.454625 0.0855 0.07675
0 0.5024166666666666 0.54775 0.08316666666666667 0.07
0 0.5000833333333333 0.6365 0.07983333333333334 0.0675
0 0.49391666666666667 0.68425 0.0765 0.068
0 0.49166666666666664 0.723625 0.07866666666666666 0.06875
0 0.49 0.7665 0.07866666666666666 0.0695
0 0.4871666666666667 0.806 0.07866666666666666 0.0635
0 0.4855 0.8475 0.07866666666666666 0.0635
