0 0.6584166666666667 0.363 0.12416666666666666 0.2885
1 0.4675 0.41225 0.12933333333333333 0.313
0 0.7805833333333333 0.34275 0.12416666666666666 0.2885
0 0.7189166666666666 0.3565 0.12416666666666666 0.2885
0 0.59225 0.37825 0.12416666666666666 0.2885
0 0.39625 0.4225 0.12616666666666668 0.302
0 0.33425 0.436875 0.12883333333333333 0.30375
0 0.2654166666666667 0.45425 0.13283333333333333 0.303
0 0.19358333333333333 0.47475 0.13283333333333333 0.303
0 0.12791666666666668 0.496 0.13283333333333333 0.303
0 0.063 0.5125 0.126 0.304
