0 0.78725 0.4085 0.059833333333333336 0.178
0 0.6873333333333334 0.4295 0.06166666666666667 0.1805
1 0.49275 0.4595 0.04516666666666667 0.181
1 0.5313333333333333 0.451625 0.06533333333333333 0.16675
0 0.738 0.418 0.06166666666666667 0.1805
0 0.8375 0.39775 0.06166666666666667 0.1805
0 0.8846666666666667 0.38625 0.06166666666666667 0.1805
0 0.9293333333333333 0.37925 0.06166666666666667 0.1805
0 0.9728333333333333 0.3685 0.054 0.1825
0 0.969 0.5445 0.06166666666666667 0.1805
0 0.9265 0.561875 0.06233333333333333 0.18025
0 0.8785 0.564625 0.06233333333333333 0.18025
0 0.8328333333333333 0.571125 0.06233333333333333 0.18025
0 0.786 0.586375 0.06233333333333333 0.18025
0 0.738 0.594625 0.06233333333333333 0.18025
0 0.6875 0.605625 0.06233333333333333 0.18025
0 0.6376666666666667 0.613875 0.06233333333333333 0.18025
0 0.5901666666666666 0.627375 0.06233333333333333 0.18025
0 0.53575 0.6395 0.06916666666666667 0.1815
0 0.48875 0.651375 0.0705 0.18125
0 0.4385833333333333 0.664375 0.07483333333333334 0.18225
0 0.3790833333333333 0.672125 0.0905 0.17975
0 0.42675 0.485875 0.0905 0.17975
0 0.6386666666666667 0.4385 0.06166666666666667 0.1805
