0 0.21258333333333335 0.4085 0.059833333333333336 0.178
0 0.3125 0.4295 0.06166666666666667 0.1805
1 0.5070833333333333 0.4595 0.04516666666666667 0.181
1 0.4685 0.451625 0.06533333333333333 0.16675
0 0.2618333333333333 0.418 0.06166666666666667 0.1805
0 0.16233333333333333 0.39775 0.06166666666666667 0.1805
0 0.11516666666666667 0.38625 0.06166666666666667 0.1805
0 0.0705 0.37925 0.06166666666666667 0.1805
0 0.027 0.3685 0.054 0.1825
0 0.030833333333333334 0.5445 0.06166666666666667 0.1805
0 0.07333333333333333 0.561875 0.06233333333333333 0.18025
0 0.12133333333333333 0.564625 0.06233333333333333 0.18025
0 0.167 0.571125 0.06233333333333333 0.18025
0 0.21383333333333332 0.586375 0.06233333333333333 0.18025
0 0.2618333333333333 0.594625 0.06233333333333333 0.18025
0 0.31233333333333335 0.605625 0.06233333333333333 0.18025
0 0.3621666666666667 0.613875 0.06233333333333333 0.18025
0 0.4096666666666667 0.627375 0.06233333333333333 0.18025
0 0.46408333333333335 0.6395 0.06916666666666667 0.1815
0 0.5110833333333333 0.651375 0.0705 0.18125
0 0.56125 0.664375 0.07483333333333334 0.18225
0 0.62075 0.672125 0.0905 0.17975
0 0.5730833333333333 0.485875 0.0905 0.17975
0 0.3611666666666667 0.4385 0.06166666666666667 0.1805
