0 0.517 0.391375 0.10833333333333334 0.09725
2 0.4865 0.868375 0.11733333333333333 0.14275
0 0.5108333333333334 0.438125 0.10833333333333334 0.09725
0 0.5103333333333333 0.498375 0.10833333333333334 0.09725
0 0.5046666666666667 0.554375 0.10833333333333334 0.09725
0 0.5013333333333333 0.608875 0.10833333333333334 0.09725
0 0.498 0.665875 0.10833333333333334 0.09725
0 0.494 0.727125 0.10833333333333334 0.09725
0 0.5183333333333333 0.333375 0.10833333333333334 0.09725
0 0.5218333333333334 0.283375 0.10833333333333334 0.09725
0 0.5263333333333333 0.231625 0.10833333333333334 0.09725
0 0.5298333333333334 0.181625 0.10833333333333334 0.09725
0 0.5378333333333334 0.134125 0.10833333333333334 0.09725
0 0.5338333333333334 0.084875 0.10833333333333334 0.09725
0 0.539 0.048625 0.10833333333333334 0.09725
