0 0.5086666666666667 0.383 0.07366666666666667 0.0665
1 0.5031666666666667 0.191875 0.075 0.08475
0 0.504 0.24525 0.07366666666666667 0.0665
0 0.5053333333333333 0.2925 0.07366666666666667 0.0665
0 0.5061666666666667 0.33525 0.07366666666666667 0.0665
0 0.5085 0.4265 0.07366666666666667 0.0665
0 0.5118333333333334 0.467 0.07366666666666667 0.0665
0 0.5113333333333333 0.51075 0.07366666666666667 0.0665
0 0.5148333333333334 0.55175 0.07366666666666667 0.0665
0 0.5148333333333334 0.59425 0.07366666666666667 0.0665
0 0.5148333333333334 0.63275 0.07366666666666667 0.0665
0 0.5164166666666666 0.67575 0.06816666666666667 0.0615
0 0.51925 0.71625 0.06816666666666667 0.0615
0 0.51975 0.75575 0.06816666666666667 0.0615
0 0.52025 0.79375 0.06816666666666667 0.0615
1 0.5223333333333333 0.8285 0.06533333333333333 0.048
