0 0.48283333333333334 0.608375 0.10833333333333334 0.09725
2 0.5133333333333333 0.131375 0.11733333333333333 0.14275
0 0.489 0.561625 0.10833333333333334 0.09725
0 0.4895 0.501375 0.10833333333333334 0.09725
0 0.49516666666666664 0.445375 0.10833333333333334 0.09725
0 0.4985 0.390875 0.10833333333333334 0.09725
0 0.5018333333333334 0.333875 0.10833333333333334 0.09725
0 0.5058333333333334 0.272625 0.10833333333333334 0.09725
0 0.4815 0.666375 0.10833333333333334 0.09725
0 0.478 0.716375 0.10833333333333334 0.09725
0 0.4735 0.768125 0.10833333333333334 0.09725
0 0.47 0.818125 0.10833333333333334 0.09725
0 0.462 0.865625 0.10833333333333334 0.09725
0 0.466 0.914875 0.10833333333333334 0.09725
0 0.4608333333333333 0.951375 0.10833333333333334 0.09725
