0 0.48283333333333334 0.391375 0.10833333333333334 0.09725
2 0.5133333333333333 0.868375 0.11733333333333333 0.14275
0 0.489 0.438125 0.10833333333333334 0.09725
0 0.4895 0.498375 0.10833333333333334 0.09725
0 0.49516666666666664 0.554375 0.10833333333333334 0.09725
0 0.4985 0.608875 0.10833333333333334 0.09725
0 0.5018333333333334 0.665875 0.10833333333333334 0.09725
0 0.5058333333333334 0.727125 0.10833333333333334 0.09725
0 0.4815 0.333375 0.10833333333333334 0.09725
0 0.478 0.283375 0.10833333333333334 0.09725
0 0.4735 0.231625 0.10833333333333334 0.09725
0 0.47 0.181625 0.10833333333333334 0.09725
0 0.462 0.134125 0.10833333333333334 0.09725
0 0.466 0.084875 0.10833333333333334 0.09725
0 0.4608333333333333 0.048625 0.10833333333333334 0.09725
