0 0.49116666666666664 0.383 0.07366666666666667 0.0665
1 0.49666666666666665 0.191875 0.075 0.08475
0 0.49583333333333335 0.24525 0.07366666666666667 0.0665
0 0.4945 0.2925 0.07366666666666667 0.0665
0 0.49366666666666664 0.33525 0.07366666666666667 0.0665
0 0.49133333333333334 0.4265 0.07366666666666667 0.0665
0 0.488 0.467 0.07366666666666667 0.0665
0 0.4885 0.51075 0.07366666666666667 0.0665
0 0.485 0.55175 0.07366666666666667 0.0665
0 0.485 0.59425 0.07366666666666667 0.0665
0 0.485 0.63275 0.07366666666666667 0.0665
0 0.48341666666666666 0.67575 0.06816666666666667 0.0615
0 0.4805833333333333 0.71625 0.06816666666666667 0.0615
0 0.4800833333333333 0.75575 0.06816666666666667 0.0615
0 0.4795833333333333 0.79375 0.06816666666666667 0.0615
1 0.4775 0.8285 0.06533333333333333 0.048
