0 0.78725 0.59125 0.059833333333333336 0.178
0 0.6873333333333334 0.57025 0.06166666666666667 0.1805
1 0.49275 0.54025 0.04516666666666667 0.181
1 0.5313333333333333 0.548125 0.06533333333333333 0.16675
0 0.738 0.58175 0.06166666666666667 0.1805
0 0.8375 0.602 0.06166666666666667 0.1805
0 0.8846666666666667 0.6135 0.06166666666666667 0.1805
0 0.9293333333333333 0.6205 0.06166666666666667 0.1805
0 0.9728333333333333 0.63125 0.054 0.1825
0 0.969 0.45525 0.06166666666666667 0.1805
0 0.9265 0.437875 0.06233333333333333 0.18025
0 0.8785 0.435125 0.06233333333333333 0.18025
0 0.8328333333333333 0.428625 0.06233333333333333 0.18025
0 0.786 0.413375 0.06233333333333333 0.18025
0 0.738 0.405125 0.06233333333333333 0.18025
0 0.6875 0.394125 0.06233333333333333 0.18025
0 0.6376666666666667 0.385875 0.06233333333333333 0.18025
0 0.5901666666666666 0.372375 0.06233333333333333 0.18025
0 0.53575 0.36025 0.06916666666666667 0.1815
0 0.48875 0.348375 0.0705 0.18125
0 0.4385833333333333 0.335375 0.07483333333333334 0.18225
0 0.3790833333333333 0.327625 0.0905 0.17975
0 0.42675 0.513875 0.0905 0.17975
0 0.6386666666666667 0.56125 0.06166666666666667 0.1805
