0 0.5086666666666667 0.61675 0.07366666666666667 0.0665
1 0.5031666666666667 0.807875 0.075 0.08475
0 0.504 0.7545 0.07366666666666667 0.0665
0 0.5053333333333333 0.70725 0.07366666666666667 0.0665
0 0.5061666666666667 0.6645 0.07366666666666667 0.0665
0 0.5085 0.57325 0.07366666666666667 0.0665
0 0.5118333333333334 0.53275 0.07366666666666667 0.0665
0 0.5113333333333333 0.489 0.07366666666666667 0.0665
0 0.5148333333333334 0.448 0.07366666666666667 0.0665
0 0.5148333333333334 0.4055 0.07366666666666667 0.0665
0 0.5148333333333334 0.367 0.07366666666666667 0.0665
0 0.5164166666666666 0.324 0.06816666666666667 0.0615
0 0.51925 0.2835 0.06816666666666667 0.0615
0 0.51975 0.244 0.06816666666666667 0.0615
0 0.52025 0.206 0.06816666666666667 0.0615
1 0.5223333333333333 0.17125 0.06533333333333333 0.048
