2 0.5210833333333333 0.732375 0.0845 0.07425
2 0.524 0.7745 0.08533333333333333 0.0755
2 0.5099166666666667 0.352125 0.09783333333333333 0.08325
2 0.50575 0.1215 0.10416666666666667 0.1185
0 0.4136666666666667 0.2665 0.09266666666666666 0.087
0 0.5183333333333333 0.599125 0.08966666666666667 0.07875
0 0.4026666666666667 0.0455 0.09833333333333333 0.091
0 0.40475 0.1065 0.09783333333333333 0.0885
0 0.40991666666666665 0.15625 0.09783333333333333 0.0885
0 0.40925 0.21325 0.09783333333333333 0.0885
0 0.41441666666666666 0.31925 0.09783333333333333 0.0885
0 0.4175 0.3685 0.09366666666666666 0.082
0 0.4191666666666667 0.42175 0.09366666666666666 0.082
0 0.422 0.47075 0.09366666666666666 0.082
0 0.4236666666666667 0.51525 0.09366666666666666 0.082
0 0.42533333333333334 0.56225 0.09366666666666666 0.082
0 0.427 0.60125 0.09366666666666666 0.082
0 0.43166666666666664 0.64575 0.09366666666666666 0.082
0 0.43333333333333335 0.6885 0.09366666666666666 0.082
0 0.43266666666666664 0.72925 0.09366666666666666 0.082
0 0.43416666666666665 0.7705 0.08633333333333333 0.081
2 0.5083333333333333 0.18975 0.09766666666666667 0.0895
0 0.5090833333333333 0.248 0.09716666666666667 0.082
0 0.5114166666666666 0.29875 0.09716666666666667 0.082
0 0.5149166666666667 0.45475 0.09716666666666667 0.082
0 0.5159166666666667 0.50275 0.09716666666666667 0.082
0 0.51825 0.55075 0.09716666666666667 0.082
0 0.51775 0.643625 0.0905 0.07575
0 0.52425 0.857625 0.0905 0.07575
