2 0.47875 0.732375 0.0845 0.07425
2 0.47583333333333333 0.7745 0.08533333333333333 0.0755
2 0.48991666666666667 0.352125 0.09783333333333333 0.08325
2 0.4940833333333333 0.1215 0.10416666666666667 0.1185
0 0.5861666666666666 0.2665 0.09266666666666666 0.087
0 0.4815 0.599125 0.08966666666666667 0.07875
0 0.5971666666666666 0.0455 0.09833333333333333 0.091
0 0.5950833333333333 0.1065 0.09783333333333333 0.0885
0 0.5899166666666666 0.15625 0.09783333333333333 0.0885
0 0.5905833333333333 0.21325 0.09783333333333333 0.0885
0 0.5854166666666667 0.31925 0.09783333333333333 0.0885
0 0.5823333333333334 0.3685 0.09366666666666666 0.082
0 0.5806666666666667 0.42175 0.09366666666666666 0.082
0 0.5778333333333333 0.47075 0.09366666666666666 0.082
0 0.5761666666666667 0.51525 0.09366666666666666 0.082
0 0.5745 0.56225 0.09366666666666666 0.082
0 0.5728333333333333 0.60125 0.09366666666666666 0.082
0 0.5681666666666667 0.64575 0.09366666666666666 0.082
0 0.5665 0.6885 0.09366666666666666 0.082
0 0.5671666666666667 0.72925 0.09366666666666666 0.082
0 0.5656666666666667 0.7705 0.08633333333333333 0.081
2 0.4915 0.18975 0.09766666666666667 0.0895
0 0.49075 0.248 0.09716666666666667 0.082
0 0.48841666666666667 0.29875 0.09716666666666667 0.082
0 0.48491666666666666 0.45475 0.09716666666666667 0.082
0 0.48391666666666666 0.50275 0.09716666666666667 0.082
0 0.4815833333333333 0.55075 0.09716666666666667 0.082
0 0.4820833333333333 0.643625 0.0905 0.07575
0 0.47558333333333336 0.857625 0.0905 0.07575
