0 0.6103333333333333 0.552625 0.049666666666666665 0.10425
1 0.48775 0.46875 0.051833333333333335 0.1065
0 0.8435 0.708875 0.049666666666666665 0.10425
0 0.81 0.686875 0.049666666666666665 0.10425
0 0.7771666666666667 0.664125 0.049666666666666665 0.10425
0 0.742 0.640375 0.049666666666666665 0.10425
0 0.7091666666666666 0.617625 0.049666666666666665 0.10425
0 0.6775 0.596375 0.049666666666666665 0.10425
0 0.6446666666666667 0.574375 0.049666666666666665 0.10425
0 0.5778333333333333 0.531125 0.049666666666666665 0.10425
0 0.5455 0.507375 0.049666666666666665 0.10425
0 0.4181666666666667 0.424125 0.049666666666666665 0.10425
0 0.38816666666666666 0.406375 0.049666666666666665 0.10425
0 0.3581666666666667 0.383625 0.049666666666666665 0.10425
0 0.3265 0.365875 0.049666666666666665 0.10425
0 0.2965 0.344625 0.049666666666666665 0.10425
0 0.2653333333333333 0.326875 0.049666666666666665 0.10425
0 0.23533333333333334 0.305625 0.049666666666666665 0.10425
0 0.20533333333333334 0.287875 0.049666666666666665 0.10425
0 0.17416666666666666 0.267625 0.049666666666666665 0.10425
0 0.14533333333333334 0.250625 0.049666666666666665 0.10425
0 0.11416666666666667 0.231875 0.049666666666666665 0.10425
