0 0.5165833333333333 0.577 0.09583333333333334 0.086
2 0.51025 0.42 0.10383333333333333 0.119
0 0.51325 0.482 0.09583333333333334 0.086
0 0.51325 0.53025 0.09583333333333334 0.086
0 0.5184166666666666 0.622 0.09583333333333334 0.086
0 0.52125 0.668 0.09583333333333334 0.086
0 0.5219166666666667 0.7105 0.09583333333333334 0.086
0 0.5225833333333333 0.74875 0.09583333333333334 0.086
0 0.5249166666666667 0.7885 0.09583333333333334 0.086
0 0.52375 0.825 0.09583333333333334 0.086
0 0.5265833333333333 0.8675 0.09583333333333334 0.086
0 0.5254166666666666 0.904 0.09583333333333334 0.086
0 0.5299166666666667 0.93875 0.09583333333333334 0.086
0 0.5295 0.9775 0.08433333333333333 0.045
