2 0.47875 0.267375 0.0845 0.07425
2 0.47583333333333333 0.22525 0.08533333333333333 0.0755
2 0.48991666666666667 0.647625 0.09783333333333333 0.08325
2 0.4940833333333333 0.87825 0.10416666666666667 0.1185
0 0.5861666666666666 0.73325 0.09266666666666666 0.087
0 0.4815 0.400625 0.08966666666666667 0.07875
0 0.5971666666666666 0.95425 0.09833333333333333 0.091
0 0.5950833333333333 0.89325 0.09783333333333333 0.0885
0 0.5899166666666666 0.8435 0.09783333333333333 0.0885
0 0.5905833333333333 0.7865 0.09783333333333333 0.0885
0 0.5854166666666667 0.6805 0.09783333333333333 0.0885
0 0.5823333333333334 0.63125 0.09366666666666666 0.082
0 0.5806666666666667 0.578 0.09366666666666666 0.082
0 0.5778333333333333 0.529 0.09366666666666666 0.082
0 0.5761666666666667 0.4845 0.09366666666666666 0.082
0 0.5745 0.4375 0.09366666666666666 0.082
0 0.5728333333333333 0.3985 0.09366666666666666 0.082
0 0.5681666666666667 0.354 0.09366666666666666 0.082
0 0.5665 0.31125 0.09366666666666666 0.082
0 0.5671666666666667 0.2705 0.09366666666666666 0.082
0 0.5656666666666667 0.22925 0.08633333333333333 0.081
2 0.4915 0.81 0.09766666666666667 0.0895
0 0.49075 0.75175 0.09716666666666667 0.082
0 0.48841666666666667 0.701 0.09716666666666667 0.082
0 0.48491666666666666 0.545 0.09716666666666667 0.082
0 0.48391666666666666 0.497 0.09716666666666667 0.082
0 0.4815833333333333 0.449 0.09716666666666667 0.082
0 0.4820833333333333 0.356125 0.0905 0.07575
0 0.47558333333333336 0.142125 0.0905 0.07575
