0 0.292 0.519875 0.036 0.13125
0 0.32108333333333333 0.5155 0.03983333333333333 0.135
0 0.68975 0.4765 0.0555 0.1495
2 0.39916666666666667 0.50425 0.044333333333333336 0.14
2 0.5693333333333334 0.4865 0.051333333333333335 0.145
2 0.723 0.4745 0.05533333333333333 0.154
2 0.7545 0.472125 0.057 0.15225
2 0.4846666666666667 0.49225 0.049 0.142
2 0.8355833333333333 0.472125 0.0905 0.16275
0 0.7884166666666667 0.474 0.0605 0.151
0 0.66275 0.482 0.0555 0.1495
2 0.6285 0.48175 0.051 0.149
2 0.6018333333333333 0.483875 0.058666666666666666 0.14575
2 0.5131666666666667 0.49275 0.051333333333333335 0.145
0 0.5410833333333334 0.489875 0.051166666666666666 0.14775
2 0.4565 0.49775 0.049 0.142
0 0.43075 0.502625 0.051166666666666666 0.14775
2 0.3468333333333333 0.5135 0.044333333333333336 0.14
2 0.37266666666666665 0.50925 0.044333333333333336 0.14
2 0.3485 0.511 0.044333333333333336 0.14
0 0.267 0.525375 0.036 0.13125
0 0.24416666666666667 0.527125 0.036 0.13125
0 0.21916666666666668 0.538375 0.036 0.13125
0 0.197 0.539125 0.036 0.13125
0 0.172 0.545625 0.036 0.13125
