0 0.4995 0.199875 0.07533333333333334 0.06275
0 0.48383333333333334 0.650875 0.07833333333333334 0.06475
0 0.4865833333333333 0.596 0.07983333333333334 0.064
2 0.50125 0.103 0.07383333333333333 0.065
2 0.4925 0.39475 0.07633333333333334 0.064
2 0.4805 0.819875 0.079 0.08225
0 0.4821666666666667 0.704375 0.07833333333333334 0.06475
2 0.4806666666666667 0.75475 0.07633333333333334 0.064
0 0.4860833333333333 0.54675 0.07983333333333334 0.064
0 0.48775 0.495 0.07983333333333334 0.064
0 0.49516666666666664 0.34475 0.072 0.0605
0 0.49583333333333335 0.2955 0.072 0.0605
0 0.49533333333333335 0.24975 0.072 0.0605
0 0.5023333333333333 0.052125 0.07533333333333334 0.06275
