0 0.671 0.570625 0.047 0.11225
0 0.6071666666666666 0.545375 0.047 0.11225
1 0.51925 0.515 0.036166666666666666 0.1125
1 0.33975 0.449625 0.03983333333333333 0.10175
0 0.7015 0.584375 0.047 0.11225
0 0.7355 0.595375 0.047 0.11225
0 0.7655 0.610625 0.047 0.11225
0 0.7971666666666667 0.622625 0.047 0.11225
0 0.8293333333333334 0.635375 0.047 0.11225
0 0.8670833333333333 0.647875 0.059166666666666666 0.11275
0 0.6383333333333333 0.558125 0.047 0.11225
0 0.5766666666666667 0.532625 0.047 0.11225
0 0.5488333333333333 0.524125 0.047 0.11225
0 0.4565 0.492875 0.047 0.11225
0 0.42533333333333334 0.481125 0.047 0.11225
0 0.397 0.465875 0.047 0.11225
0 0.367 0.457375 0.047 0.11225
0 0.2791666666666667 0.430375 0.047 0.11225
0 0.25083333333333335 0.421875 0.047 0.11225
0 0.2225 0.410875 0.047 0.11225
0 0.19583333333333333 0.404125 0.047 0.11225
0 0.16833333333333333 0.39475 0.04766666666666667 0.109
