0 0.49016666666666664 0.344625 0.08966666666666667 0.07875
2 0.46641666666666665 0.772 0.10116666666666667 0.1265
0 0.505 0.0425 0.08 0.072
0 0.5019166666666667 0.08175 0.08283333333333333 0.073
0 0.50075 0.12625 0.08283333333333333 0.073
0 0.4990833333333333 0.1645 0.08283333333333333 0.073
0 0.4959166666666667 0.2105 0.08283333333333333 0.073
0 0.4945 0.25375 0.08633333333333333 0.0725
0 0.49166666666666664 0.2995 0.08766666666666667 0.0775
0 0.486 0.39375 0.08766666666666667 0.0775
0 0.48433333333333334 0.4405 0.08766666666666667 0.0775
0 0.4811666666666667 0.48875 0.08766666666666667 0.0775
0 0.47933333333333333 0.54 0.093 0.0805
0 0.4761666666666667 0.59275 0.093 0.0805
0 0.4725 0.6485 0.093 0.0805
