0 0.4728333333333333 0.823 0.11733333333333333 0.0985
0 0.4728333333333333 0.6505 0.11733333333333333 0.0915
2 0.47125 0.3335 0.11416666666666667 0.0915
2 0.472 0.399375 0.11266666666666666 0.09625
0 0.4698333333333333 0.20525 0.11733333333333333 0.0915
0 0.4711666666666667 0.2685 0.11633333333333333 0.094
0 0.471 0.33425 0.11633333333333333 0.094
0 0.471 0.46175 0.11633333333333333 0.094
0 0.4715 0.52375 0.11633333333333333 0.094
0 0.4721666666666667 0.585 0.11633333333333333 0.094
0 0.4718333333333333 0.706 0.11733333333333333 0.0915
0 0.47383333333333333 0.765 0.11733333333333333 0.0915
2 0.4736666666666667 0.875875 0.11266666666666666 0.09625
0 0.4751666666666667 0.9315 0.11733333333333333 0.0985
