0 0.5154166666666666 0.580625 0.07083333333333333 0.05575
2 0.5166666666666667 0.173125 0.07166666666666667 0.04175
1 0.5165 0.93325 0.065 0.0615
0 0.5165 0.217 0.069 0.0585
0 0.5161666666666667 0.271 0.069 0.0585
0 0.5161666666666667 0.3225 0.069 0.0585
0 0.5163333333333333 0.3735 0.069 0.0585
0 0.5158333333333334 0.425 0.069 0.0585
0 0.5153333333333333 0.4765 0.069 0.0585
0 0.515 0.52825 0.069 0.0585
0 0.5151666666666667 0.63 0.069 0.0585
0 0.5143333333333333 0.6795 0.069 0.0585
0 0.5145 0.7305 0.069 0.0585
0 0.5141666666666667 0.78225 0.069 0.0585
0 0.5138333333333334 0.831 0.069 0.0585
0 0.513 0.88125 0.069 0.0585
