0 0.48441666666666666 0.580625 0.07083333333333333 0.05575
2 0.4831666666666667 0.173125 0.07166666666666667 0.04175
1 0.48333333333333334 0.93325 0.065 0.0615
0 0.48333333333333334 0.217 0.069 0.0585
0 0.4836666666666667 0.271 0.069 0.0585
0 0.4836666666666667 0.3225 0.069 0.0585
0 0.4835 0.3735 0.069 0.0585
0 0.484 0.425 0.069 0.0585
0 0.4845 0.4765 0.069 0.0585
0 0.48483333333333334 0.52825 0.069 0.0585
0 0.4846666666666667 0.63 0.069 0.0585
0 0.4855 0.6795 0.069 0.0585
0 0.48533333333333334 0.7305 0.069 0.0585
0 0.4856666666666667 0.78225 0.069 0.0585
0 0.486 0.831 0.069 0.0585
0 0.48683333333333334 0.88125 0.069 0.0585
