0 0.5154166666666666 0.419125 0.07083333333333333 0.05575
2 0.5166666666666667 0.826625 0.07166666666666667 0.04175
1 0.5165 0.0665 0.065 0.0615
0 0.5165 0.78275 0.069 0.0585
0 0.5161666666666667 0.72875 0.069 0.0585
0 0.5161666666666667 0.67725 0.069 0.0585
0 0.5163333333333333 0.62625 0.069 0.0585
0 0.5158333333333334 0.57475 0.069 0.0585
0 0.5153333333333333 0.52325 0.069 0.0585
0 0.515 0.4715 0.069 0.0585
0 0.5151666666666667 0.36975 0.069 0.0585
0 0.5143333333333333 0.32025 0.069 0.0585
0 0.5145 0.26925 0.069 0.0585
0 0.5141666666666667 0.2175 0.069 0.0585
0 0.5138333333333334 0.16875 0.069 0.0585
0 0.513 0.1185 0.069 0.0585
