0 0.5096666666666667 0.344625 0.08966666666666667 0.07875
2 0.5334166666666667 0.772 0.10116666666666667 0.1265
0 0.49483333333333335 0.0425 0.08 0.072
0 0.4979166666666667 0.08175 0.08283333333333333 0.073
0 0.4990833333333333 0.12625 0.08283333333333333 0.073
0 0.50075 0.1645 0.08283333333333333 0.073
0 0.5039166666666667 0.2105 0.08283333333333333 0.073
0 0.5053333333333333 0.25375 0.08633333333333333 0.0725
0 0.5081666666666667 0.2995 0.08766666666666667 0.0775
0 0.5138333333333334 0.39375 0.08766666666666667 0.0775
0 0.5155 0.4405 0.08766666666666667 0.0775
0 0.5186666666666667 0.48875 0.08766666666666667 0.0775
0 0.5205 0.54 0.093 0.0805
0 0.5236666666666666 0.59275 0.093 0.0805
0 0.5273333333333333 0.6485 0.093 0.0805
