2 0.5210833333333333 0.267375 0.0845 0.07425
2 0.524 0.22525 0.08533333333333333 0.0755
2 0.5099166666666667 0.647625 0.09783333333333333 0.08325
2 0.50575 0.87825 0.10416666666666667 0.1185
0 0.4136666666666667 0.73325 0.09266666666666666 0.087
0 0.5183333333333333 0.400625 0.08966666666666667 0.07875
0 0.4026666666666667 0.95425 0.09833333333333333 0.091
0 0.40475 0.89325 0.09783333333333333 0.0885
0 0.40991666666666665 0.8435 0.09783333333333333 0.0885
0 0.40925 0.7865 0.09783333333333333 0.0885
0 0.41441666666666666 0.6805 0.09783333333333333 0.0885
0 0.4175 0.63125 0.09366666666666666 0.082
0 0.4191666666666667 0.578 0.09366666666666666 0.082
0 0.422 0.529 0.09366666666666666 0.082
0 0.4236666666666667 0.4845 0.09366666666666666 0.082
0 0.42533333333333334 0.4375 0.09366666666666666 0.082
0 0.427 0.3985 0.09366666666666666 0.082
0 0.43166666666666664 0.354 0.09366666666666666 0.082
0 0.43333333333333335 0.31125 0.09366666666666666 0.082
0 0.43266666666666664 0.2705 0.09366666666666666 0.082
0 0.43416666666666665 0.22925 0.08633333333333333 0.081
2 0.5083333333333333 0.81 0.09766666666666667 0.0895
0 0.5090833333333333 0.75175 0.09716666666666667 0.082
0 0.5114166666666666 0.701 0.09716666666666667 0.082
0 0.5149166666666667 0.545 0.09716666666666667 0.082
0 0.5159166666666667 0.497 0.09716666666666667 0.082
0 0.51825 0.449 0.09716666666666667 0.082
0 0.51775 0.356125 0.0905 0.07575
0 0.52425 0.142125 0.0905 0.07575
