0 0.4728333333333333 0.17675 0.11733333333333333 0.0985
0 0.4728333333333333 0.34925 0.11733333333333333 0.0915
2 0.47125 0.66625 0.11416666666666667 0.0915
2 0.472 0.600375 0.11266666666666666 0.09625
0 0.4698333333333333 0.7945 0.11733333333333333 0.0915
0 0.4711666666666667 0.73125 0.11633333333333333 0.094
0 0.471 0.6655 0.11633333333333333 0.094
0 0.471 0.538 0.11633333333333333 0.094
0 0.4715 0.476 0.11633333333333333 0.094
0 0.4721666666666667 0.41475 0.11633333333333333 0.094
0 0.4718333333333333 0.29375 0.11733333333333333 0.0915
0 0.47383333333333333 0.23475 0.11733333333333333 0.0915
2 0.4736666666666667 0.123875 0.11266666666666666 0.09625
0 0.4751666666666667 0.06825 0.11733333333333333 0.0985
