0 0.7078333333333333 0.519875 0.036 0.13125
0 0.67875 0.5155 0.03983333333333333 0.135
0 0.3100833333333333 0.4765 0.0555 0.1495
2 0.6006666666666667 0.50425 0.044333333333333336 0.14
2 0.4305 0.4865 0.051333333333333335 0.145
2 0.2768333333333333 0.4745 0.05533333333333333 0.154
2 0.24533333333333332 0.472125 0.057 0.15225
2 0.5151666666666667 0.49225 0.049 0.142
2 0.16425 0.472125 0.0905 0.16275
0 0.21141666666666667 0.474 0.0605 0.151
0 0.33708333333333335 0.482 0.0555 0.1495
2 0.37133333333333335 0.48175 0.051 0.149
2 0.398 0.483875 0.058666666666666666 0.14575
2 0.4866666666666667 0.49275 0.051333333333333335 0.145
0 0.45875 0.489875 0.051166666666666666 0.14775
2 0.5433333333333333 0.49775 0.049 0.142
0 0.5690833333333334 0.502625 0.051166666666666666 0.14775
2 0.653 0.5135 0.044333333333333336 0.14
2 0.6271666666666667 0.50925 0.044333333333333336 0.14
2 0.6513333333333333 0.511 0.044333333333333336 0.14
0 0.7328333333333333 0.525375 0.036 0.13125
0 0.7556666666666667 0.527125 0.036 0.13125
0 0.7806666666666666 0.538375 0.036 0.13125
0 0.8028333333333333 0.539125 0.036 0.13125
0 0.8278333333333333 0.545625 0.036 0.13125
