0 0.3288333333333333 0.429125 0.047 0.11225
0 0.39266666666666666 0.454375 0.047 0.11225
1 0.4805833333333333 0.48475 0.036166666666666666 0.1125
1 0.6600833333333334 0.550125 0.03983333333333333 0.10175
0 0.29833333333333334 0.415375 0.047 0.11225
0 0.2643333333333333 0.404375 0.047 0.11225
0 0.23433333333333334 0.389125 0.047 0.11225
0 0.20266666666666666 0.377125 0.047 0.11225
0 0.1705 0.364375 0.047 0.11225
0 0.13275 0.351875 0.059166666666666666 0.11275
0 0.3615 0.441625 0.047 0.11225
0 0.4231666666666667 0.467125 0.047 0.11225
0 0.451 0.475625 0.047 0.11225
0 0.5433333333333333 0.506875 0.047 0.11225
0 0.5745 0.518625 0.047 0.11225
0 0.6028333333333333 0.533875 0.047 0.11225
0 0.6328333333333334 0.542375 0.047 0.11225
0 0.7206666666666667 0.569375 0.047 0.11225
0 0.749 0.577875 0.047 0.11225
0 0.7773333333333333 0.588875 0.047 0.11225
0 0.804 0.595625 0.047 0.11225
0 0.8315 0.605 0.04766666666666667 0.109
