0 0.5003333333333333 0.199875 0.07533333333333334 0.06275
0 0.516 0.650875 0.07833333333333334 0.06475
0 0.51325 0.596 0.07983333333333334 0.064
2 0.4985833333333333 0.103 0.07383333333333333 0.065
2 0.5073333333333333 0.39475 0.07633333333333334 0.064
2 0.5193333333333333 0.819875 0.079 0.08225
0 0.5176666666666667 0.704375 0.07833333333333334 0.06475
2 0.5191666666666667 0.75475 0.07633333333333334 0.064
0 0.51375 0.54675 0.07983333333333334 0.064
0 0.5120833333333333 0.495 0.07983333333333334 0.064
0 0.5046666666666667 0.34475 0.072 0.0605
0 0.504 0.2955 0.072 0.0605
0 0.5045 0.24975 0.072 0.0605
0 0.4975 0.052125 0.07533333333333334 0.06275
