0 0.49016666666666664 0.655125 0.08966666666666667 0.07875
2 0.46641666666666665 0.22775 0.10116666666666667 0.1265
0 0.505 0.95725 0.08 0.072
0 0.5019166666666667 0.918 0.08283333333333333 0.073
0 0.50075 0.8735 0.08283333333333333 0.073
0 0.4990833333333333 0.83525 0.08283333333333333 0.073
0 0.4959166666666667 0.78925 0.08283333333333333 0.073
0 0.4945 0.746 0.08633333333333333 0.0725
0 0.49166666666666664 0.70025 0.08766666666666667 0.0775
0 0.486 0.606 0.08766666666666667 0.0775
0 0.48433333333333334 0.55925 0.08766666666666667 0.0775
0 0.4811666666666667 0.511 0.08766666666666667 0.0775
0 0.47933333333333333 0.45975 0.093 0.0805
0 0.4761666666666667 0.407 0.093 0.0805
0 0.4725 0.35125 0.093 0.0805
