0 0.292 0.479875 0.036 0.13125
0 0.32108333333333333 0.48425 0.03983333333333333 0.135
0 0.68975 0.52325 0.0555 0.1495
2 0.39916666666666667 0.4955 0.044333333333333336 0.14
2 0.5693333333333334 0.51325 0.051333333333333335 0.145
2 0.723 0.52525 0.05533333333333333 0.154
2 0.7545 0.527625 0.057 0.15225
2 0.4846666666666667 0.5075 0.049 0.142
2 0.8355833333333333 0.527625 0.0905 0.16275
0 0.7884166666666667 0.52575 0.0605 0.151
0 0.66275 0.51775 0.0555 0.1495
2 0.6285 0.518 0.051 0.149
2 0.6018333333333333 0.515875 0.058666666666666666 0.14575
2 0.5131666666666667 0.507 0.051333333333333335 0.145
0 0.5410833333333334 0.509875 0.051166666666666666 0.14775
2 0.4565 0.502 0.049 0.142
0 0.43075 0.497125 0.051166666666666666 0.14775
2 0.3468333333333333 0.48625 0.044333333333333336 0.14
2 0.37266666666666665 0.4905 0.044333333333333336 0.14
2 0.3485 0.48875 0.044333333333333336 0.14
0 0.267 0.474375 0.036 0.13125
0 0.24416666666666667 0.472625 0.036 0.13125
0 0.21916666666666668 0.461375 0.036 0.13125
0 0.197 0.460625 0.036 0.13125
0 0.172 0.454125 0.036 0.13125
