2 0.49466666666666664 0.5055 0.04133333333333333 0.097
2 0.55525 0.476125 0.0405 0.09525
2 0.3765 0.55725 0.04066666666666666 0.0925
2 0.43483333333333335 0.531875 0.03966666666666667 0.09775
2 0.9055833333333333 0.315125 0.059833333333333336 0.09875
0 0.6164166666666666 0.447875 0.03983333333333333 0.09575
0 0.6748333333333333 0.41975 0.039 0.1025
0 0.70625 0.4055 0.036833333333333336 0.098
0 0.7368333333333333 0.392 0.04033333333333333 0.0995
0 0.7703333333333333 0.378 0.04133333333333333 0.0935
0 0.8670833333333333 0.330375 0.042166666666666665 0.09575
0 0.8355833333333333 0.344625 0.042166666666666665 0.09575
0 0.8025833333333333 0.360125 0.042166666666666665 0.09575
0 0.64775 0.433875 0.042166666666666665 0.09575
2 0.5860833333333333 0.463375 0.0405 0.09525
0 0.5249166666666667 0.490125 0.03983333333333333 0.09575
0 0.46641666666666665 0.516625 0.03983333333333333 0.09575
0 0.40558333333333335 0.543125 0.03983333333333333 0.09575
0 0.34725 0.571625 0.03983333333333333 0.09575
0 0.318 0.582 0.03666666666666667 0.091
0 0.2895 0.5945 0.03666666666666667 0.091
0 0.26066666666666666 0.60625 0.03666666666666667 0.091
0 0.23316666666666666 0.618 0.03666666666666667 0.091
0 0.20416666666666666 0.6305 0.03666666666666667 0.091
