0 0.3895 0.447125 0.049666666666666665 0.10425
1 0.5120833333333333 0.531 0.051833333333333335 0.1065
0 0.15633333333333332 0.290875 0.049666666666666665 0.10425
0 0.18983333333333333 0.312875 0.049666666666666665 0.10425
0 0.22266666666666668 0.335625 0.049666666666666665 0.10425
0 0.25783333333333336 0.359375 0.049666666666666665 0.10425
0 0.2906666666666667 0.382125 0.049666666666666665 0.10425
0 0.32233333333333336 0.403375 0.049666666666666665 0.10425
0 0.3551666666666667 0.425375 0.049666666666666665 0.10425
0 0.422 0.468625 0.049666666666666665 0.10425
0 0.4543333333333333 0.492375 0.049666666666666665 0.10425
0 0.5816666666666667 0.575625 0.049666666666666665 0.10425
0 0.6116666666666667 0.593375 0.049666666666666665 0.10425
0 0.6416666666666667 0.616125 0.049666666666666665 0.10425
0 0.6733333333333333 0.633875 0.049666666666666665 0.10425
0 0.7033333333333334 0.655125 0.049666666666666665 0.10425
0 0.7345 0.672875 0.049666666666666665 0.10425
0 0.7645 0.694125 0.049666666666666665 0.10425
0 0.7945 0.711875 0.049666666666666665 0.10425
0 0.8256666666666667 0.732125 0.049666666666666665 0.10425
0 0.8545 0.749125 0.049666666666666665 0.10425
0 0.8856666666666667 0.767875 0.049666666666666665 0.10425
