0 0.48441666666666666 0.419125 0.07083333333333333 0.05575
2 0.4831666666666667 0.826625 0.07166666666666667 0.04175
1 0.48333333333333334 0.0665 0.065 0.0615
0 0.48333333333333334 0.78275 0.069 0.0585
0 0.4836666666666667 0.72875 0.069 0.0585
0 0.4836666666666667 0.67725 0.069 0.0585
0 0.4835 0.62625 0.069 0.0585
0 0.484 0.57475 0.069 0.0585
0 0.4845 0.52325 0.069 0.0585
0 0.48483333333333334 0.4715 0.069 0.0585
0 0.4846666666666667 0.36975 0.069 0.0585
0 0.4855 0.32025 0.069 0.0585
0 0.48533333333333334 0.26925 0.069 0.0585
0 0.4856666666666667 0.2175 0.069 0.0585
0 0.486 0.16875 0.069 0.0585
0 0.48683333333333334 0.1185 0.069 0.0585
