2 0.49466666666666664 0.49425 0.04133333333333333 0.097
2 0.55525 0.523625 0.0405 0.09525
2 0.3765 0.4425 0.04066666666666666 0.0925
2 0.43483333333333335 0.467875 0.03966666666666667 0.09775
2 0.9055833333333333 0.684625 0.059833333333333336 0.09875
0 0.6164166666666666 0.551875 0.03983333333333333 0.09575
0 0.6748333333333333 0.58 0.039 0.1025
0 0.70625 0.59425 0.036833333333333336 0.098
0 0.7368333333333333 0.60775 0.04033333333333333 0.0995
0 0.7703333333333333 0.62175 0.04133333333333333 0.0935
0 0.8670833333333333 0.669375 0.042166666666666665 0.09575
0 0.8355833333333333 0.655125 0.042166666666666665 0.09575
0 0.8025833333333333 0.639625 0.042166666666666665 0.09575
0 0.64775 0.565875 0.042166666666666665 0.09575
2 0.5860833333333333 0.536375 0.0405 0.09525
0 0.5249166666666667 0.509625 0.03983333333333333 0.09575
0 0.46641666666666665 0.483125 0.03983333333333333 0.09575
0 0.40558333333333335 0.456625 0.03983333333333333 0.09575
0 0.34725 0.428125 0.03983333333333333 0.09575
0 0.318 0.41775 0.03666666666666667 0.091
0 0.2895 0.40525 0.03666666666666667 0.091
0 0.26066666666666666 0.3935 0.03666666666666667 0.091
0 0.23316666666666666 0.38175 0.03666666666666667 0.091
0 0.20416666666666666 0.36925 0.03666666666666667 0.091
