0 0.527 0.17675 0.11733333333333333 0.0985
0 0.527 0.34925 0.11733333333333333 0.0915
2 0.5285833333333333 0.66625 0.11416666666666667 0.0915
2 0.5278333333333334 0.600375 0.11266666666666666 0.09625
0 0.53 0.7945 0.11733333333333333 0.0915
0 0.5286666666666666 0.73125 0.11633333333333333 0.094
0 0.5288333333333334 0.6655 0.11633333333333333 0.094
0 0.5288333333333334 0.538 0.11633333333333333 0.094
0 0.5283333333333333 0.476 0.11633333333333333 0.094
0 0.5276666666666666 0.41475 0.11633333333333333 0.094
0 0.528 0.29375 0.11733333333333333 0.0915
0 0.526 0.23475 0.11733333333333333 0.0915
2 0.5261666666666667 0.123875 0.11266666666666666 0.09625
0 0.5246666666666666 0.06825 0.11733333333333333 0.0985
