0 0.5165833333333333 0.42275 0.09583333333333334 0.086
2 0.51025 0.57975 0.10383333333333333 0.119
0 0.51325 0.51775 0.09583333333333334 0.086
0 0.51325 0.4695 0.09583333333333334 0.086
0 0.5184166666666666 0.37775 0.09583333333333334 0.086
0 0.52125 0.33175 0.09583333333333334 0.086
0 0.5219166666666667 0.28925 0.09583333333333334 0.086
0 0.5225833333333333 0.251 0.09583333333333334 0.086
0 0.5249166666666667 0.21125 0.09583333333333334 0.086
0 0.52375 0.17475 0.09583333333333334 0.086
0 0.5265833333333333 0.13225 0.09583333333333334 0.086
0 0.5254166666666666 0.09575 0.09583333333333334 0.086
0 0.5299166666666667 0.061 0.09583333333333334 0.086
0 0.5295 0.0225 0.08433333333333333 0.045
