0 0.671 0.429125 0.047 0.11225
0 0.6071666666666666 0.454375 0.047 0.11225
1 0.51925 0.48475 0.036166666666666666 0.1125
1 0.33975 0.550125 0.03983333333333333 0.10175
0 0.7015 0.415375 0.047 0.11225
0 0.7355 0.404375 0.047 0.11225
0 0.7655 0.389125 0.047 0.11225
0 0.7971666666666667 0.377125 0.047 0.11225
0 0.8293333333333334 0.364375 0.047 0.11225
0 0.8670833333333333 0.351875 0.059166666666666666 0.11275
0 0.6383333333333333 0.441625 0.047 0.11225
0 0.5766666666666667 0.467125 0.047 0.11225
0 0.5488333333333333 0.475625 0.047 0.11225
0 0.4565 0.506875 0.047 0.11225
0 0.42533333333333334 0.518625 0.047 0.11225
0 0.397 0.533875 0.047 0.11225
0 0.367 0.542375 0.047 0.11225
0 0.2791666666666667 0.569375 0.047 0.11225
0 0.25083333333333335 0.577875 0.047 0.11225
0 0.2225 0.588875 0.047 0.11225
0 0.19583333333333333 0.595625 0.047 0.11225
0 0.16833333333333333 0.605 0.04766666666666667 0.109
