0 0.6103333333333333 0.447125 0.049666666666666665 0.10425
1 0.48775 0.531 0.051833333333333335 0.1065
0 0.8435 0.290875 0.049666666666666665 0.10425
0 0.81 0.312875 0.049666666666666665 0.10425
0 0.7771666666666667 0.335625 0.049666666666666665 0.10425
0 0.742 0.359375 0.049666666666666665 0.10425
0 0.7091666666666666 0.382125 0.049666666666666665 0.10425
0 0.6775 0.403375 0.049666666666666665 0.10425
0 0.6446666666666667 0.425375 0.049666666666666665 0.10425
0 0.5778333333333333 0.468625 0.049666666666666665 0.10425
0 0.5455 0.492375 0.049666666666666665 0.10425
0 0.4181666666666667 0.575625 0.049666666666666665 0.10425
0 0.38816666666666666 0.593375 0.049666666666666665 0.10425
0 0.3581666666666667 0.616125 0.049666666666666665 0.10425
0 0.3265 0.633875 0.049666666666666665 0.10425
0 0.2965 0.655125 0.049666666666666665 0.10425
0 0.2653333333333333 0.672875 0.049666666666666665 0.10425
0 0.23533333333333334 0.694125 0.049666666666666665 0.10425
0 0.20533333333333334 0.711875 0.049666666666666665 0.10425
0 0.17416666666666666 0.732125 0.049666666666666665 0.10425
0 0.14533333333333334 0.749125 0.049666666666666665 0.10425
0 0.11416666666666667 0.767875 0.049666666666666665 0.10425
