0 0.527 0.823 0.11733333333333333 0.0985
0 0.527 0.6505 0.11733333333333333 0.0915
2 0.5285833333333333 0.3335 0.11416666666666667 0.0915
2 0.5278333333333334 0.399375 0.11266666666666666 0.09625
0 0.53 0.20525 0.11733333333333333 0.0915
0 0.5286666666666666 0.2685 0.11633333333333333 0.094
0 0.5288333333333334 0.33425 0.11633333333333333 0.094
0 0.5288333333333334 0.46175 0.11633333333333333 0.094
0 0.5283333333333333 0.52375 0.11633333333333333 0.094
0 0.5276666666666666 0.585 0.11633333333333333 0.094
0 0.528 0.706 0.11733333333333333 0.0915
0 0.526 0.765 0.11733333333333333 0.0915
2 0.5261666666666667 0.875875 0.11266666666666666 0.09625
0 0.5246666666666666 0.9315 0.11733333333333333 0.0985
