0 0.5096666666666667 0.655125 0.08966666666666667 0.07875
2 0.5334166666666667 0.22775 0.10116666666666667 0.1265
0 0.49483333333333335 0.95725 0.08 0.072
0 0.4979166666666667 0.918 0.08283333333333333 0.073
0 0.4990833333333333 0.8735 0.08283333333333333 0.073
0 0.50075 0.83525 0.08283333333333333 0.073
0 0.5039166666666667 0.78925 0.08283333333333333 0.073
0 0.5053333333333333 0.746 0.08633333333333333 0.0725
0 0.5081666666666667 0.70025 0.08766666666666667 0.0775
0 0.5138333333333334 0.606 0.08766666666666667 0.0775
0 0.5155 0.55925 0.08766666666666667 0.0775
0 0.5186666666666667 0.511 0.08766666666666667 0.0775
0 0.5205 0.45975 0.093 0.0805
0 0.5236666666666666 0.407 0.093 0.0805
0 0.5273333333333333 0.35125 0.093 0.0805
