0 0.4995 0.799875 0.07533333333333334 0.06275
0 0.48383333333333334 0.348875 0.07833333333333334 0.06475
0 0.4865833333333333 0.40375 0.07983333333333334 0.064
2 0.50125 0.89675 0.07383333333333333 0.065
2 0.4925 0.605 0.07633333333333334 0.064
2 0.4805 0.179875 0.079 0.08225
0 0.4821666666666667 0.295375 0.07833333333333334 0.06475
2 0.4806666666666667 0.245 0.07633333333333334 0.064
0 0.4860833333333333 0.453 0.07983333333333334 0.064
0 0.48775 0.50475 0.07983333333333334 0.064
0 0.49516666666666664 0.655 0.072 0.0605
0 0.49583333333333335 0.70425 0.072 0.0605
0 0.49533333333333335 0.75 0.072 0.0605
0 0.5023333333333333 0.947625 0.07533333333333334 0.06275
