0 0.49416666666666664 0.38575 0.08933333333333333 0.0705
0 0.49075 0.863125 0.08283333333333333 0.06675
0 0.49333333333333335 0.537125 0.08566666666666667 0.07175
2 0.49141666666666667 0.7715 0.08816666666666667 0.0705
2 0.4930833333333333 0.63375 0.08583333333333333 0.0725
2 0.4965 0.436375 0.093 0.07425
2 0.4979166666666667 0.278 0.09116666666666666 0.0805
2 0.49816666666666665 0.15725 0.097 0.11
0 0.4905833333333333 0.911875 0.08283333333333333 0.06675
0 0.4890833333333333 0.816375 0.08283333333333333 0.06675
0 0.49516666666666664 0.488125 0.08566666666666667 0.07175
2 0.49233333333333335 0.725625 0.086 0.06925
0 0.49316666666666664 0.587375 0.08566666666666667 0.07175
