0 0.7078333333333333 0.479875 0.036 0.13125
0 0.67875 0.48425 0.03983333333333333 0.135
0 0.3100833333333333 0.52325 0.0555 0.1495
2 0.6006666666666667 0.4955 0.044333333333333336 0.14
2 0.4305 0.51325 0.051333333333333335 0.145
2 0.2768333333333333 0.52525 0.05533333333333333 0.154
2 0.24533333333333332 0.527625 0.057 0.15225
2 0.5151666666666667 0.5075 0.049 0.142
2 0.16425 0.527625 0.0905 0.16275
0 0.21141666666666667 0.52575 0.0605 0.151
0 0.33708333333333335 0.51775 0.0555 0.1495
2 0.37133333333333335 0.518 0.051 0.149
2 0.398 0.515875 0.058666666666666666 0.14575
2 0.4866666666666667 0.507 0.051333333333333335 0.145
0 0.45875 0.509875 0.051166666666666666 0.14775
2 0.5433333333333333 0.502 0.049 0.142
0 0.5690833333333334 0.497125 0.051166666666666666 0.14775
2 0.653 0.48625 0.044333333333333336 0.14
2 0.6271666666666667 0.4905 0.044333333333333336 0.14
2 0.6513333333333333 0.48875 0.044333333333333336 0.14
0 0.7328333333333333 0.474375 0.036 0.13125
0 0.7556666666666667 0.472625 0.036 0.13125
0 0.7806666666666666 0.461375 0.036 0.13125
0 0.8028333333333333 0.460625 0.036 0.13125
0 0.8278333333333333 0.454125 0.036 0.13125
