0 0.5056666666666667 0.38575 0.08933333333333333 0.0705
0 0.5090833333333333 0.863125 0.08283333333333333 0.06675
0 0.5065 0.537125 0.08566666666666667 0.07175
2 0.5084166666666666 0.7715 0.08816666666666667 0.0705
2 0.50675 0.63375 0.08583333333333333 0.0725
2 0.5033333333333333 0.436375 0.093 0.07425
2 0.5019166666666667 0.278 0.09116666666666666 0.0805
2 0.5016666666666667 0.15725 0.097 0.11
0 0.50925 0.911875 0.08283333333333333 0.06675
0 0.51075 0.816375 0.08283333333333333 0.06675
0 0.5046666666666667 0.488125 0.08566666666666667 0.07175
2 0.5075 0.725625 0.086 0.06925
0 0.5066666666666667 0.587375 0.08566666666666667 0.07175
