2 0.5051666666666667 0.49425 0.04133333333333333 0.097
2 0.44458333333333333 0.523625 0.0405 0.09525
2 0.6233333333333333 0.4425 0.04066666666666666 0.0925
2 0.565 0.467875 0.03966666666666667 0.09775
2 0.09425 0.684625 0.059833333333333336 0.09875
0 0.3834166666666667 0.551875 0.03983333333333333 0.09575
0 0.325 0.58 0.039 0.1025
0 0.2935833333333333 0.59425 0.036833333333333336 0.098
0 0.263 0.60775 0.04033333333333333 0.0995
0 0.2295 0.62175 0.04133333333333333 0.0935
0 0.13275 0.669375 0.042166666666666665 0.09575
0 0.16425 0.655125 0.042166666666666665 0.09575
0 0.19725 0.639625 0.042166666666666665 0.09575
0 0.35208333333333336 0.565875 0.042166666666666665 0.09575
2 0.41375 0.536375 0.0405 0.09525
0 0.47491666666666665 0.509625 0.03983333333333333 0.09575
0 0.5334166666666667 0.483125 0.03983333333333333 0.09575
0 0.59425 0.456625 0.03983333333333333 0.09575
0 0.6525833333333333 0.428125 0.03983333333333333 0.09575
0 0.6818333333333333 0.41775 0.03666666666666667 0.091
0 0.7103333333333334 0.40525 0.03666666666666667 0.091
0 0.7391666666666666 0.3935 0.03666666666666667 0.091
0 0.7666666666666667 0.38175 0.03666666666666667 0.091
0 0.7956666666666666 0.36925 0.03666666666666667 0.091
