0 0.48325 0.42275 0.09583333333333334 0.086
2 0.4895833333333333 0.57975 0.10383333333333333 0.119
0 0.4865833333333333 0.51775 0.09583333333333334 0.086
0 0.4865833333333333 0.4695 0.09583333333333334 0.086
0 0.48141666666666666 0.37775 0.09583333333333334 0.086
0 0.47858333333333336 0.33175 0.09583333333333334 0.086
0 0.47791666666666666 0.28925 0.09583333333333334 0.086
0 0.47725 0.251 0.09583333333333334 0.086
0 0.47491666666666665 0.21125 0.09583333333333334 0.086
0 0.47608333333333336 0.17475 0.09583333333333334 0.086
0 0.47325 0.13225 0.09583333333333334 0.086
0 0.47441666666666665 0.09575 0.09583333333333334 0.086
0 0.46991666666666665 0.061 0.09583333333333334 0.086
0 0.4703333333333333 0.0225 0.08433333333333333 0.045
