0 0.3895 0.552625 0.049666666666666665 0.10425
1 0.5120833333333333 0.46875 0.051833333333333335 0.1065
0 0.15633333333333332 0.708875 0.049666666666666665 0.10425
0 0.18983333333333333 0.686875 0.049666666666666665 0.10425
0 0.22266666666666668 0.664125 0.049666666666666665 0.10425
0 0.25783333333333336 0.640375 0.049666666666666665 0.10425
0 0.2906666666666667 0.617625 0.049666666666666665 0.10425
0 0.32233333333333336 0.596375 0.049666666666666665 0.10425
0 0.3551666666666667 0.574375 0.049666666666666665 0.10425
0 0.422 0.531125 0.049666666666666665 0.10425
0 0.4543333333333333 0.507375 0.049666666666666665 0.10425
0 0.5816666666666667 0.424125 0.049666666666666665 0.10425
0 0.6116666666666667 0.406375 0.049666666666666665 0.10425
0 0.6416666666666667 0.383625 0.049666666666666665 0.10425
0 0.6733333333333333 0.365875 0.049666666666666665 0.10425
0 0.7033333333333334 0.344625 0.049666666666666665 0.10425
0 0.7345 0.326875 0.049666666666666665 0.10425
0 0.7645 0.305625 0.049666666666666665 0.10425
0 0.7945 0.287875 0.049666666666666665 0.10425
0 0.8256666666666667 0.267625 0.049666666666666665 0.10425
0 0.8545 0.250625 0.049666666666666665 0.10425
0 0.8856666666666667 0.231875 0.049666666666666665 0.10425
