0 0.48325 0.577 0.09583333333333334 0.086
2 0.4895833333333333 0.42 0.10383333333333333 0.119
0 0.4865833333333333 0.482 0.09583333333333334 0.086
0 0.4865833333333333 0.53025 0.09583333333333334 0.086
0 0.48141666666666666 0.622 0.09583333333333334 0.086
0 0.47858333333333336 0.668 0.09583333333333334 0.086
0 0.47791666666666666 0.7105 0.09583333333333334 0.086
0 0.47725 0.74875 0.09583333333333334 0.086
0 0.47491666666666665 0.7885 0.09583333333333334 0.086
0 0.47608333333333336 0.825 0.09583333333333334 0.086
0 0.47325 0.8675 0.09583333333333334 0.086
0 0.47441666666666665 0.904 0.09583333333333334 0.086
0 0.46991666666666665 0.93875 0.09583333333333334 0.086
0 0.4703333333333333 0.9775 0.08433333333333333 0.045
