0 0.3288333333333333 0.570625 0.047 0.11225
0 0.39266666666666666 0.545375 0.047 0.11225
1 0.4805833333333333 0.515 0.036166666666666666 0.1125
1 0.6600833333333334 0.449625 0.03983333333333333 0.10175
0 0.29833333333333334 0.584375 0.047 0.11225
0 0.2643333333333333 0.595375 0.047 0.11225
0 0.23433333333333334 0.610625 0.047 0.11225
0 0.20266666666666666 0.622625 0.047 0.11225
0 0.1705 0.635375 0.047 0.11225
0 0.13275 0.647875 0.059166666666666666 0.11275
0 0.3615 0.558125 0.047 0.11225
0 0.4231666666666667 0.532625 0.047 0.11225
0 0.451 0.524125 0.047 0.11225
0 0.5433333333333333 0.492875 0.047 0.11225
0 0.5745 0.481125 0.047 0.11225
0 0.6028333333333333 0.465875 0.047 0.11225
0 0.6328333333333334 0.457375 0.047 0.11225
0 0.7206666666666667 0.430375 0.047 0.11225
0 0.749 0.421875 0.047 0.11225
0 0.7773333333333333 0.410875 0.047 0.11225
0 0.804 0.404125 0.047 0.11225
0 0.8315 0.39475 0.04766666666666667 0.109
