0 0.49033333333333334 0.705375 0.08933333333333333 0.07225
0 0.5106666666666667 0.07225 0.08633333333333333 0.073
0 0.4959166666666667 0.520875 0.0905 0.06275
2 0.50775 0.182 0.08383333333333333 0.0575
2 0.50525 0.24 0.08583333333333333 0.075
2 0.50275 0.296125 0.09083333333333334 0.07175
2 0.4994166666666667 0.411 0.08716666666666667 0.0675
2 0.4975 0.46975 0.08666666666666667 0.073
2 0.4915 0.6465 0.089 0.0755
0 0.4885 0.764875 0.08933333333333333 0.07225
0 0.49366666666666664 0.586625 0.08933333333333333 0.07225
2 0.4995833333333333 0.35775 0.08716666666666667 0.0675
0 0.5085 0.126625 0.08666666666666667 0.07275
