0 0.5175 0.757375 0.09066666666666667 0.07225
0 0.51825 0.664625 0.0875 0.07475
0 0.5183333333333333 0.570125 0.09233333333333334 0.06875
0 0.5179166666666667 0.468875 0.08983333333333333 0.07125
2 0.5200833333333333 0.203875 0.0935 0.07875
2 0.5194166666666666 0.1305 0.09583333333333334 0.1095
0 0.5208333333333334 0.256 0.091 0.079
0 0.5208333333333334 0.3085 0.091 0.079
0 0.5203333333333333 0.36225 0.091 0.079
0 0.5198333333333334 0.41525 0.091 0.079
0 0.5181666666666667 0.51525 0.091 0.079
0 0.5181666666666667 0.607 0.091 0.079
0 0.5173333333333333 0.7065 0.091 0.079
0 0.516 0.79825 0.091 0.079
0 0.5151666666666667 0.84475 0.091 0.079
0 0.5163333333333333 0.8865 0.091 0.079
