0 0.6000833333333333 0.581375 0.07283333333333333 0.17925
1 0.457 0.520625 0.056666666666666664 0.18375
0 0.6519166666666667 0.60175 0.0805 0.178
0 0.7010833333333333 0.62075 0.0805 0.178
0 0.75275 0.637 0.0805 0.178
0 0.8075 0.65725 0.09633333333333334 0.1805
0 0.55575 0.56225 0.0805 0.178
0 0.51275 0.53925 0.0805 0.178
0 0.4076666666666667 0.50675 0.07166666666666667 0.1685
0 0.3641666666666667 0.49 0.07166666666666667 0.1685
0 0.31833333333333336 0.46875 0.07166666666666667 0.1685
0 0.2718333333333333 0.45475 0.07166666666666667 0.1685
0 0.22533333333333333 0.43975 0.07166666666666667 0.1685
0 0.18 0.422 0.07166666666666667 0.1685
0 0.1365 0.40425 0.07166666666666667 0.1685
0 0.093 0.38925 0.07166666666666667 0.1685
0 0.04716666666666667 0.37775 0.07166666666666667 0.1685
