0 0.52 0.672875 0.067 0.05575
0 0.50725 0.89075 0.06683333333333333 0.0545
0 0.5158333333333334 0.76175 0.06633333333333333 0.0535
0 0.5331666666666667 0.445875 0.07133333333333333 0.05425
0 0.5388333333333334 0.3435 0.06833333333333333 0.0785
2 0.4548333333333333 0.622125 0.06633333333333333 0.05825
2 0.43516666666666665 0.96925 0.06633333333333333 0.0525
2 0.44975 0.71275 0.0655 0.0505
2 0.4394166666666667 0.8825 0.06283333333333334 0.056
2 0.46366666666666667 0.44225 0.06766666666666667 0.0545
0 0.5055833333333334 0.93575 0.06683333333333333 0.0545
0 0.50025 0.975375 0.06516666666666666 0.04925
0 0.51125 0.84825 0.06683333333333333 0.0545
0 0.5129166666666667 0.804 0.06683333333333333 0.0545
0 0.5198333333333334 0.71675 0.06633333333333333 0.0535
0 0.5281666666666667 0.537 0.06633333333333333 0.0535
0 0.5248333333333334 0.5835 0.06633333333333333 0.0535
0 0.5231666666666667 0.62425 0.06633333333333333 0.0535
0 0.5303333333333333 0.4885 0.06633333333333333 0.0535
0 0.5371666666666667 0.3975 0.06633333333333333 0.0535
2 0.4653333333333333 0.4855 0.06766666666666667 0.0545
2 0.458 0.57725 0.06766666666666667 0.0545
2 0.45316666666666666 0.664625 0.06633333333333333 0.05825
2 0.44575 0.756 0.0655 0.0505
2 0.4429166666666667 0.84425 0.0655 0.0505
0 0.4385833333333333 0.926625 0.06516666666666666 0.04325
2 0.44408333333333333 0.8 0.0655 0.0505
0 0.45958333333333334 0.533125 0.06716666666666667 0.05075
0 0.467 0.39575 0.06633333333333333 0.0535
0 0.4698333333333333 0.30325 0.06633333333333333 0.0535
2 0.4666666666666667 0.352375 0.06566666666666666 0.04925
