0 0.48233333333333334 0.242375 0.09066666666666667 0.07225
0 0.4815833333333333 0.335125 0.0875 0.07475
0 0.4815 0.429625 0.09233333333333334 0.06875
0 0.48191666666666666 0.530875 0.08983333333333333 0.07125
2 0.47975 0.795875 0.0935 0.07875
2 0.48041666666666666 0.86925 0.09583333333333334 0.1095
0 0.479 0.74375 0.091 0.079
0 0.479 0.69125 0.091 0.079
0 0.4795 0.6375 0.091 0.079
0 0.48 0.5845 0.091 0.079
0 0.4816666666666667 0.4845 0.091 0.079
0 0.4816666666666667 0.39275 0.091 0.079
0 0.4825 0.29325 0.091 0.079
0 0.48383333333333334 0.2015 0.091 0.079
0 0.4846666666666667 0.155 0.091 0.079
0 0.4835 0.11325 0.091 0.079
