0 0.6000833333333333 0.418375 0.07283333333333333 0.17925
1 0.457 0.479125 0.056666666666666664 0.18375
0 0.6519166666666667 0.398 0.0805 0.178
0 0.7010833333333333 0.379 0.0805 0.178
0 0.75275 0.36275 0.0805 0.178
0 0.8075 0.3425 0.09633333333333334 0.1805
0 0.55575 0.4375 0.0805 0.178
0 0.51275 0.4605 0.0805 0.178
0 0.4076666666666667 0.493 0.07166666666666667 0.1685
0 0.3641666666666667 0.50975 0.07166666666666667 0.1685
0 0.31833333333333336 0.531 0.07166666666666667 0.1685
0 0.2718333333333333 0.545 0.07166666666666667 0.1685
0 0.22533333333333333 0.56 0.07166666666666667 0.1685
0 0.18 0.57775 0.07166666666666667 0.1685
0 0.1365 0.5955 0.07166666666666667 0.1685
0 0.093 0.6105 0.07166666666666667 0.1685
0 0.04716666666666667 0.622 0.07166666666666667 0.1685
