0 0.52 0.326875 0.067 0.05575
0 0.50725 0.109 0.06683333333333333 0.0545
0 0.5158333333333334 0.238 0.06633333333333333 0.0535
0 0.5331666666666667 0.553875 0.07133333333333333 0.05425
0 0.5388333333333334 0.65625 0.06833333333333333 0.0785
2 0.4548333333333333 0.377625 0.06633333333333333 0.05825
2 0.43516666666666665 0.0305 0.06633333333333333 0.0525
2 0.44975 0.287 0.0655 0.0505
2 0.4394166666666667 0.11725 0.06283333333333334 0.056
2 0.46366666666666667 0.5575 0.06766666666666667 0.0545
0 0.5055833333333334 0.064 0.06683333333333333 0.0545
0 0.50025 0.024625 0.06516666666666666 0.04925
0 0.51125 0.1515 0.06683333333333333 0.0545
0 0.5129166666666667 0.19575 0.06683333333333333 0.0545
0 0.5198333333333334 0.283 0.06633333333333333 0.0535
0 0.5281666666666667 0.46275 0.06633333333333333 0.0535
0 0.5248333333333334 0.41625 0.06633333333333333 0.0535
0 0.5231666666666667 0.3755 0.06633333333333333 0.0535
0 0.5303333333333333 0.51125 0.06633333333333333 0.0535
0 0.5371666666666667 0.60225 0.06633333333333333 0.0535
2 0.4653333333333333 0.51425 0.06766666666666667 0.0545
2 0.458 0.4225 0.06766666666666667 0.0545
2 0.45316666666666666 0.335125 0.06633333333333333 0.05825
2 0.44575 0.24375 0.0655 0.0505
2 0.4429166666666667 0.1555 0.0655 0.0505
0 0.4385833333333333 0.073125 0.06516666666666666 0.04325
2 0.44408333333333333 0.19975 0.0655 0.0505
0 0.45958333333333334 0.466625 0.06716666666666667 0.05075
0 0.467 0.604 0.06633333333333333 0.0535
0 0.4698333333333333 0.6965 0.06633333333333333 0.0535
2 0.4666666666666667 0.647375 0.06566666666666666 0.04925
