0 0.488 0.3665 0.09233333333333334 0.064
0 0.4890833333333333 0.306125 0.08516666666666667 0.07075
0 0.4811666666666667 0.786875 0.092 0.07225
2 0.48691666666666666 0.4815 0.08783333333333333 0.069
2 0.48575 0.54175 0.0885 0.0735
0 0.4815 0.851625 0.092 0.07225
0 0.48333333333333334 0.726625 0.092 0.07225
0 0.4836666666666667 0.665875 0.092 0.07225
0 0.483 0.603625 0.092 0.07225
0 0.49033333333333334 0.129875 0.092 0.07225
0 0.48833333333333334 0.19 0.09233333333333334 0.064
0 0.4866666666666667 0.24875 0.09233333333333334 0.064
0 0.4885 0.073 0.09233333333333334 0.064
2 0.48625 0.42825 0.08783333333333333 0.069
