0 0.6321022727272727 0.7548225308641975 0.12422520661157024 0.31905864197530864
0 0.7382489669421488 0.783179012345679 0.1293904958677686 0.3464506172839506
2 0.04261363636363636 0.6282793209876543 0.08522727272727272 0.3121141975308642
2 0.4288481404958678 0.7175925925925926 0.13507231404958678 0.33101851851851855
2 0.23540805785123967 0.6720679012345679 0.13507231404958678 0.33101851851851855
0 0.5339617768595041 0.7374614197530864 0.12422520661157024 0.31905864197530864
0 0.8428460743801653 0.8065200617283951 0.12422520661157024 0.31905864197530864
0 0.93724173553719 0.8252314814814815 0.125 0.32330246913580246
0 0.32554235537190085 0.6959876543209876 0.11286157024793389 0.31635802469135804
0 0.12254648760330579 0.6514274691358025 0.10924586776859505 0.3229166666666667
