0 0.5118333333333334 0.3665 0.09233333333333334 0.064
0 0.51075 0.306125 0.08516666666666667 0.07075
0 0.5186666666666667 0.786875 0.092 0.07225
2 0.5129166666666667 0.4815 0.08783333333333333 0.069
2 0.5140833333333333 0.54175 0.0885 0.0735
0 0.5183333333333333 0.851625 0.092 0.07225
0 0.5165 0.726625 0.092 0.07225
0 0.5161666666666667 0.665875 0.092 0.07225
0 0.5168333333333334 0.603625 0.092 0.07225
0 0.5095 0.129875 0.092 0.07225
0 0.5115 0.19 0.09233333333333334 0.064
0 0.5131666666666667 0.24875 0.09233333333333334 0.064
0 0.5113333333333333 0.073 0.09233333333333334 0.064
2 0.5135833333333333 0.42825 0.08783333333333333 0.069
