0 0.5286666666666666 0.63725 0.08366666666666667 0.0715
0 0.52775 0.545 0.08583333333333333 0.0695
0 0.52325 0.30625 0.09083333333333334 0.0735
2 0.5258333333333334 0.454125 0.08933333333333333 0.07125
2 0.5209166666666667 0.203875 0.09283333333333334 0.07325
2 0.5204166666666666 0.138125 0.09383333333333334 0.10625
0 0.52325 0.35725 0.09083333333333334 0.0735
0 0.52775 0.588 0.09083333333333334 0.0735
0 0.5296666666666666 0.676625 0.08666666666666667 0.07275
0 0.533 0.719875 0.08666666666666667 0.07275
0 0.5335 0.764875 0.08666666666666667 0.07275
0 0.534 0.805625 0.08666666666666667 0.07275
0 0.534 0.845375 0.08666666666666667 0.07275
0 0.5294166666666666 0.5 0.08583333333333333 0.0695
0 0.5209166666666667 0.25525 0.09083333333333334 0.0735
