0 0.36763946280991733 0.24479166666666666 0.12422520661157024 0.31905864197530864
0 0.26149276859504134 0.21643518518518517 0.1293904958677686 0.3464506172839506
2 0.9576446280991735 0.3713348765432099 0.08522727272727272 0.3121141975308642
2 0.5708935950413223 0.2820216049382716 0.13507231404958678 0.33101851851851855
2 0.7643336776859504 0.3275462962962963 0.13507231404958678 0.33101851851851855
0 0.46577995867768596 0.2621527777777778 0.12422520661157024 0.31905864197530864
0 0.1568956611570248 0.19309413580246915 0.12422520661157024 0.31905864197530864
0 0.0625 0.1743827160493827 0.125 0.32330246913580246
0 0.6741993801652892 0.30362654320987653 0.11286157024793389 0.31635802469135804
0 0.8771952479338843 0.3481867283950617 0.10924586776859505 0.3229166666666667
