0 0.3988333333333333 0.596875 0.069 0.13725
1 0.4855833333333333 0.535875 0.07116666666666667 0.13075
0 0.7789166666666667 0.958625 0.0795 0.08225
0 0.029916666666666668 0.889625 0.059833333333333336 0.13975
0 0.7506666666666667 0.9085 0.07933333333333334 0.108
0 0.724 0.8465 0.07933333333333334 0.108
0 0.6963333333333334 0.7855 0.07933333333333334 0.108
0 0.6693333333333333 0.7215 0.07933333333333334 0.108
0 0.6413333333333333 0.662 0.07933333333333334 0.108
0 0.05466666666666667 0.8635 0.076 0.14
0 0.08533333333333333 0.8375 0.076 0.14
0 0.11766666666666667 0.812 0.076 0.14
0 0.14933333333333335 0.7855 0.076 0.14
0 0.18033333333333335 0.761 0.076 0.14
0 0.21133333333333335 0.737 0.076 0.14
0 0.242 0.714 0.076 0.14
0 0.2733333333333333 0.689 0.076 0.14
0 0.30366666666666664 0.6665 0.076 0.14
0 0.3333333333333333 0.6435 0.076 0.14
0 0.3636666666666667 0.6215 0.076 0.14
0 0.424 0.578 0.076 0.14
0 0.453 0.554 0.076 0.14
