0 0.38208333333333333 0.37775 0.10083333333333333 0.1555
1 0.47933333333333333 0.510125 0.10033333333333333 0.15625
0 0.33575 0.31425 0.10083333333333333 0.1555
0 0.4290833333333333 0.44425 0.10083333333333333 0.1555
0 0.525 0.569875 0.09666666666666666 0.14325
0 0.5731666666666667 0.641 0.09666666666666666 0.152
0 0.6258333333333334 0.71075 0.09666666666666666 0.152
0 0.288 0.249 0.09666666666666666 0.152
0 0.24166666666666667 0.18625 0.09666666666666666 0.152
0 0.193 0.126 0.09666666666666666 0.152
0 0.14708333333333334 0.065375 0.09683333333333333 0.13075
