0 0.49440586419753085 0.45170454545454547 0.11689814814814815 0.038223140495867766
0 0.501929012345679 0.5272469008264463 0.11574074074074074 0.04261363636363636
2 0.4888117283950617 0.415676652892562 0.11496913580246913 0.03848140495867768
2 0.5501543209876543 0.7746642561983471 0.11574074074074074 0.04261363636363636
2 0.5221836419753086 0.6348140495867769 0.10609567901234568 0.03977272727272727
0 0.45891203703703703 0.25490702479338845 0.11689814814814815 0.05475206611570248
0 0.46489197530864196 0.30100723140495866 0.11574074074074074 0.04261363636363636
0 0.47183641975308643 0.33974690082644626 0.11574074074074074 0.04261363636363636
0 0.47800925925925924 0.3774535123966942 0.11574074074074074 0.04261363636363636
0 0.4972993827160494 0.487474173553719 0.11574074074074074 0.04261363636363636
0 0.5081018518518519 0.562370867768595 0.11574074074074074 0.04261363636363636
0 0.5189043209876543 0.596978305785124 0.11574074074074074 0.04261363636363636
0 0.5275848765432098 0.668646694214876 0.1091820987654321 0.040289256198347105
2 0.5356867283950617 0.7040289256198347 0.1099537037037037 0.04390495867768595
0 0.5422453703703703 0.7399276859504132 0.1091820987654321 0.040289256198347105
0 0.5545910493827161 0.8101756198347108 0.1091820987654321 0.040289256198347105
