0 0.5052083333333334 0.5480371900826446 0.11689814814814815 0.038223140495867766
0 0.4976851851851852 0.4724948347107438 0.11574074074074074 0.04261363636363636
2 0.5108024691358025 0.5840650826446281 0.11496913580246913 0.03848140495867768
2 0.4494598765432099 0.22507747933884298 0.11574074074074074 0.04261363636363636
2 0.4774305555555556 0.36492768595041325 0.10609567901234568 0.03977272727272727
0 0.5407021604938271 0.7448347107438017 0.11689814814814815 0.05475206611570248
0 0.5347222222222222 0.6987345041322314 0.11574074074074074 0.04261363636363636
0 0.5277777777777778 0.6599948347107438 0.11574074074074074 0.04261363636363636
0 0.5216049382716049 0.6222882231404959 0.11574074074074074 0.04261363636363636
0 0.5023148148148148 0.5122675619834711 0.11574074074074074 0.04261363636363636
0 0.49151234567901236 0.437370867768595 0.11574074074074074 0.04261363636363636
0 0.4807098765432099 0.40276342975206614 0.11574074074074074 0.04261363636363636
0 0.4720293209876543 0.33109504132231404 0.1091820987654321 0.040289256198347105
2 0.46392746913580246 0.2957128099173554 0.1099537037037037 0.04390495867768595
0 0.4573688271604938 0.25981404958677684 0.1091820987654321 0.040289256198347105
0 0.44502314814814814 0.18956611570247933 0.1091820987654321 0.040289256198347105
