0 0.47983333333333333 0.672875 0.067 0.05575
0 0.4925833333333333 0.89075 0.06683333333333333 0.0545
0 0.484 0.76175 0.06633333333333333 0.0535
0 0.4666666666666667 0.445875 0.07133333333333333 0.05425
0 0.461 0.3435 0.06833333333333333 0.0785
2 0.545 0.622125 0.06633333333333333 0.05825
2 0.5646666666666667 0.96925 0.06633333333333333 0.0525
2 0.5500833333333334 0.71275 0.0655 0.0505
2 0.5604166666666667 0.8825 0.06283333333333334 0.056
2 0.5361666666666667 0.44225 0.06766666666666667 0.0545
0 0.49425 0.93575 0.06683333333333333 0.0545
0 0.4995833333333333 0.975375 0.06516666666666666 0.04925
0 0.4885833333333333 0.84825 0.06683333333333333 0.0545
0 0.48691666666666666 0.804 0.06683333333333333 0.0545
0 0.48 0.71675 0.06633333333333333 0.0535
0 0.4716666666666667 0.537 0.06633333333333333 0.0535
0 0.475 0.5835 0.06633333333333333 0.0535
0 0.4766666666666667 0.62425 0.06633333333333333 0.0535
0 0.4695 0.4885 0.06633333333333333 0.0535
0 0.46266666666666667 0.3975 0.06633333333333333 0.0535
2 0.5345 0.4855 0.06766666666666667 0.0545
2 0.5418333333333333 0.57725 0.06766666666666667 0.0545
2 0.5466666666666666 0.664625 0.06633333333333333 0.05825
2 0.5540833333333334 0.756 0.0655 0.0505
2 0.5569166666666666 0.84425 0.0655 0.0505
0 0.56125 0.926625 0.06516666666666666 0.04325
2 0.55575 0.8 0.0655 0.0505
0 0.54025 0.533125 0.06716666666666667 0.05075
0 0.5328333333333334 0.39575 0.06633333333333333 0.0535
0 0.53 0.30325 0.06633333333333333 0.0535
2 0.5331666666666667 0.352375 0.06566666666666666 0.04925
