0 0.4866666666666667 0.597875 0.06233333333333333 0.04725
0 0.49483333333333335 0.84625 0.060333333333333336 0.048
0 0.4945 0.812875 0.05733333333333333 0.04425
0 0.4930833333333333 0.777625 0.0555 0.04625
2 0.49033333333333334 0.707375 0.061 0.04525
2 0.4915833333333333 0.74275 0.057833333333333334 0.047
2 0.48783333333333334 0.63475 0.058333333333333334 0.0495
2 0.47658333333333336 0.331625 0.06216666666666667 0.04175
2 0.48241666666666666 0.484625 0.0615 0.04875
2 0.47808333333333336 0.409875 0.06516666666666666 0.04625
2 0.4751666666666667 0.279125 0.064 0.07075
2 0.47941666666666666 0.368125 0.06216666666666667 0.04175
2 0.48091666666666666 0.442875 0.06516666666666666 0.04625
0 0.485 0.522375 0.06233333333333333 0.04725
0 0.4855 0.561375 0.06233333333333333 0.04725
2 0.4895 0.667 0.058333333333333334 0.0495
