0 0.5052083333333334 0.45170454545454547 0.11689814814814815 0.038223140495867766
0 0.4976851851851852 0.5272469008264463 0.11574074074074074 0.04261363636363636
2 0.5108024691358025 0.415676652892562 0.11496913580246913 0.03848140495867768
2 0.4494598765432099 0.7746642561983471 0.11574074074074074 0.04261363636363636
2 0.4774305555555556 0.6348140495867769 0.10609567901234568 0.03977272727272727
0 0.5407021604938271 0.25490702479338845 0.11689814814814815 0.05475206611570248
0 0.5347222222222222 0.30100723140495866 0.11574074074074074 0.04261363636363636
0 0.5277777777777778 0.33974690082644626 0.11574074074074074 0.04261363636363636
0 0.5216049382716049 0.3774535123966942 0.11574074074074074 0.04261363636363636
0 0.5023148148148148 0.487474173553719 0.11574074074074074 0.04261363636363636
0 0.49151234567901236 0.562370867768595 0.11574074074074074 0.04261363636363636
0 0.4807098765432099 0.596978305785124 0.11574074074074074 0.04261363636363636
0 0.4720293209876543 0.668646694214876 0.1091820987654321 0.040289256198347105
2 0.46392746913580246 0.7040289256198347 0.1099537037037037 0.04390495867768595
0 0.4573688271604938 0.7399276859504132 0.1091820987654321 0.040289256198347105
0 0.44502314814814814 0.8101756198347108 0.1091820987654321 0.040289256198347105
