0 0.488 0.63325 0.09233333333333334 0.064
0 0.4890833333333333 0.693625 0.08516666666666667 0.07075
0 0.4811666666666667 0.212875 0.092 0.07225
2 0.48691666666666666 0.51825 0.08783333333333333 0.069
2 0.48575 0.458 0.0885 0.0735
0 0.4815 0.148125 0.092 0.07225
0 0.48333333333333334 0.273125 0.092 0.07225
0 0.4836666666666667 0.333875 0.092 0.07225
0 0.483 0.396125 0.092 0.07225
0 0.49033333333333334 0.869875 0.092 0.07225
0 0.48833333333333334 0.80975 0.09233333333333334 0.064
0 0.4866666666666667 0.751 0.09233333333333334 0.064
0 0.4885 0.92675 0.09233333333333334 0.064
2 0.48625 0.5715 0.08783333333333333 0.069
