0 0.4711666666666667 0.3625 0.08366666666666667 0.0715
0 0.47208333333333335 0.45475 0.08583333333333333 0.0695
0 0.47658333333333336 0.6935 0.09083333333333334 0.0735
2 0.474 0.545625 0.08933333333333333 0.07125
2 0.47891666666666666 0.795875 0.09283333333333334 0.07325
2 0.47941666666666666 0.861625 0.09383333333333334 0.10625
0 0.47658333333333336 0.6425 0.09083333333333334 0.0735
0 0.47208333333333335 0.41175 0.09083333333333334 0.0735
0 0.4701666666666667 0.323125 0.08666666666666667 0.07275
0 0.4668333333333333 0.279875 0.08666666666666667 0.07275
0 0.4663333333333333 0.234875 0.08666666666666667 0.07275
0 0.4658333333333333 0.194125 0.08666666666666667 0.07275
0 0.4658333333333333 0.154375 0.08666666666666667 0.07275
0 0.47041666666666665 0.49975 0.08583333333333333 0.0695
0 0.47891666666666666 0.7445 0.09083333333333334 0.0735
