0 0.5095 0.294375 0.08933333333333333 0.07225
0 0.4891666666666667 0.9275 0.08633333333333333 0.073
0 0.5039166666666667 0.478875 0.0905 0.06275
2 0.4920833333333333 0.81775 0.08383333333333333 0.0575
2 0.4945833333333333 0.75975 0.08583333333333333 0.075
2 0.4970833333333333 0.703625 0.09083333333333334 0.07175
2 0.5004166666666666 0.58875 0.08716666666666667 0.0675
2 0.5023333333333333 0.53 0.08666666666666667 0.073
2 0.5083333333333333 0.35325 0.089 0.0755
0 0.5113333333333333 0.234875 0.08933333333333333 0.07225
0 0.5061666666666667 0.413125 0.08933333333333333 0.07225
2 0.50025 0.642 0.08716666666666667 0.0675
0 0.49133333333333334 0.873125 0.08666666666666667 0.07275
