0 0.5175 0.242375 0.09066666666666667 0.07225
0 0.51825 0.335125 0.0875 0.07475
0 0.5183333333333333 0.429625 0.09233333333333334 0.06875
0 0.5179166666666667 0.530875 0.08983333333333333 0.07125
2 0.5200833333333333 0.795875 0.0935 0.07875
2 0.5194166666666666 0.86925 0.09583333333333334 0.1095
0 0.5208333333333334 0.74375 0.091 0.079
0 0.5208333333333334 0.69125 0.091 0.079
0 0.5203333333333333 0.6375 0.091 0.079
0 0.5198333333333334 0.5845 0.091 0.079
0 0.5181666666666667 0.4845 0.091 0.079
0 0.5181666666666667 0.39275 0.091 0.079
0 0.5173333333333333 0.29325 0.091 0.079
0 0.516 0.2015 0.091 0.079
0 0.5151666666666667 0.155 0.091 0.079
0 0.5163333333333333 0.11325 0.091 0.079
