0 0.36763946280991733 0.7548225308641975 0.12422520661157024 0.31905864197530864
0 0.26149276859504134 0.783179012345679 0.1293904958677686 0.3464506172839506
2 0.9576446280991735 0.6282793209876543 0.08522727272727272 0.3121141975308642
2 0.5708935950413223 0.7175925925925926 0.13507231404958678 0.33101851851851855
2 0.7643336776859504 0.6720679012345679 0.13507231404958678 0.33101851851851855
0 0.46577995867768596 0.7374614197530864 0.12422520661157024 0.31905864197530864
0 0.1568956611570248 0.8065200617283951 0.12422520661157024 0.31905864197530864
0 0.0625 0.8252314814814815 0.125 0.32330246913580246
0 0.6741993801652892 0.6959876543209876 0.11286157024793389 0.31635802469135804
0 0.8771952479338843 0.6514274691358025 0.10924586776859505 0.3229166666666667
