0 0.5131666666666667 0.597875 0.06233333333333333 0.04725
0 0.505 0.84625 0.060333333333333336 0.048
0 0.5053333333333333 0.812875 0.05733333333333333 0.04425
0 0.50675 0.777625 0.0555 0.04625
2 0.5095 0.707375 0.061 0.04525
2 0.50825 0.74275 0.057833333333333334 0.047
2 0.512 0.63475 0.058333333333333334 0.0495
2 0.52325 0.331625 0.06216666666666667 0.04175
2 0.5174166666666666 0.484625 0.0615 0.04875
2 0.52175 0.409875 0.06516666666666666 0.04625
2 0.5246666666666666 0.279125 0.064 0.07075
2 0.5204166666666666 0.368125 0.06216666666666667 0.04175
2 0.5189166666666667 0.442875 0.06516666666666666 0.04625
0 0.5148333333333334 0.522375 0.06233333333333333 0.04725
0 0.5143333333333333 0.561375 0.06233333333333333 0.04725
2 0.5103333333333333 0.667 0.058333333333333334 0.0495
