0 0.5286666666666666 0.3625 0.08366666666666667 0.0715
0 0.52775 0.45475 0.08583333333333333 0.0695
0 0.52325 0.6935 0.09083333333333334 0.0735
2 0.5258333333333334 0.545625 0.08933333333333333 0.07125
2 0.5209166666666667 0.795875 0.09283333333333334 0.07325
2 0.5204166666666666 0.861625 0.09383333333333334 0.10625
0 0.52325 0.6425 0.09083333333333334 0.0735
0 0.52775 0.41175 0.09083333333333334 0.0735
0 0.5296666666666666 0.323125 0.08666666666666667 0.07275
0 0.533 0.279875 0.08666666666666667 0.07275
0 0.5335 0.234875 0.08666666666666667 0.07275
0 0.534 0.194125 0.08666666666666667 0.07275
0 0.534 0.154375 0.08666666666666667 0.07275
0 0.5294166666666666 0.49975 0.08583333333333333 0.0695
0 0.5209166666666667 0.7445 0.09083333333333334 0.0735
