0 0.39975 0.581375 0.07283333333333333 0.17925
1 0.5428333333333333 0.520625 0.056666666666666664 0.18375
0 0.34791666666666665 0.60175 0.0805 0.178
0 0.29875 0.62075 0.0805 0.178
0 0.24708333333333332 0.637 0.0805 0.178
0 0.19233333333333333 0.65725 0.09633333333333334 0.1805
0 0.44408333333333333 0.56225 0.0805 0.178
0 0.4870833333333333 0.53925 0.0805 0.178
0 0.5921666666666666 0.50675 0.07166666666666667 0.1685
0 0.6356666666666667 0.49 0.07166666666666667 0.1685
0 0.6815 0.46875 0.07166666666666667 0.1685
0 0.728 0.45475 0.07166666666666667 0.1685
0 0.7745 0.43975 0.07166666666666667 0.1685
0 0.8198333333333333 0.422 0.07166666666666667 0.1685
0 0.8633333333333333 0.40425 0.07166666666666667 0.1685
0 0.9068333333333334 0.38925 0.07166666666666667 0.1685
0 0.9526666666666667 0.37775 0.07166666666666667 0.1685
