0 0.601 0.402875 0.069 0.13725
1 0.51425 0.463875 0.07116666666666667 0.13075
0 0.22091666666666668 0.041125 0.0795 0.08225
0 0.9700833333333333 0.110125 0.059833333333333336 0.13975
0 0.24916666666666668 0.09125 0.07933333333333334 0.108
0 0.2758333333333333 0.15325 0.07933333333333334 0.108
0 0.3035 0.21425 0.07933333333333334 0.108
0 0.3305 0.27825 0.07933333333333334 0.108
0 0.3585 0.33775 0.07933333333333334 0.108
0 0.9451666666666667 0.13625 0.076 0.14
0 0.9145 0.16225 0.076 0.14
0 0.8821666666666667 0.18775 0.076 0.14
0 0.8505 0.21425 0.076 0.14
0 0.8195 0.23875 0.076 0.14
0 0.7885 0.26275 0.076 0.14
0 0.7578333333333334 0.28575 0.076 0.14
0 0.7265 0.31075 0.076 0.14
0 0.6961666666666667 0.33325 0.076 0.14
0 0.6665 0.35625 0.076 0.14
0 0.6361666666666667 0.37825 0.076 0.14
0 0.5758333333333333 0.42175 0.076 0.14
0 0.5468333333333333 0.44575 0.076 0.14
