0 0.49440586419753085 0.5480371900826446 0.11689814814814815 0.038223140495867766
0 0.501929012345679 0.4724948347107438 0.11574074074074074 0.04261363636363636
2 0.4888117283950617 0.5840650826446281 0.11496913580246913 0.03848140495867768
2 0.5501543209876543 0.22507747933884298 0.11574074074074074 0.04261363636363636
2 0.5221836419753086 0.36492768595041325 0.10609567901234568 0.03977272727272727
0 0.45891203703703703 0.7448347107438017 0.11689814814814815 0.05475206611570248
0 0.46489197530864196 0.6987345041322314 0.11574074074074074 0.04261363636363636
0 0.47183641975308643 0.6599948347107438 0.11574074074074074 0.04261363636363636
0 0.47800925925925924 0.6222882231404959 0.11574074074074074 0.04261363636363636
0 0.4972993827160494 0.5122675619834711 0.11574074074074074 0.04261363636363636
0 0.5081018518518519 0.437370867768595 0.11574074074074074 0.04261363636363636
0 0.5189043209876543 0.40276342975206614 0.11574074074074074 0.04261363636363636
0 0.5275848765432098 0.33109504132231404 0.1091820987654321 0.040289256198347105
2 0.5356867283950617 0.2957128099173554 0.1099537037037037 0.04390495867768595
0 0.5422453703703703 0.25981404958677684 0.1091820987654321 0.040289256198347105
0 0.5545910493827161 0.18956611570247933 0.1091820987654321 0.040289256198347105
