0 0.39975 0.418375 0.07283333333333333 0.17925
1 0.5428333333333333 0.479125 0.056666666666666664 0.18375
0 0.34791666666666665 0.398 0.0805 0.178
0 0.29875 0.379 0.0805 0.178
0 0.24708333333333332 0.36275 0.0805 0.178
0 0.19233333333333333 0.3425 0.09633333333333334 0.1805
0 0.44408333333333333 0.4375 0.0805 0.178
0 0.4870833333333333 0.4605 0.0805 0.178
0 0.5921666666666666 0.493 0.07166666666666667 0.1685
0 0.6356666666666667 0.50975 0.07166666666666667 0.1685
0 0.6815 0.531 0.07166666666666667 0.1685
0 0.728 0.545 0.07166666666666667 0.1685
0 0.7745 0.56 0.07166666666666667 0.1685
0 0.8198333333333333 0.57775 0.07166666666666667 0.1685
0 0.8633333333333333 0.5955 0.07166666666666667 0.1685
0 0.9068333333333334 0.6105 0.07166666666666667 0.1685
0 0.9526666666666667 0.622 0.07166666666666667 0.1685
