0 0.6321022727272727 0.24479166666666666 0.12422520661157024 0.31905864197530864
0 0.7382489669421488 0.21643518518518517 0.1293904958677686 0.3464506172839506
2 0.04261363636363636 0.3713348765432099 0.08522727272727272 0.3121141975308642
2 0.4288481404958678 0.2820216049382716 0.13507231404958678 0.33101851851851855
2 0.23540805785123967 0.3275462962962963 0.13507231404958678 0.33101851851851855
0 0.5339617768595041 0.2621527777777778 0.12422520661157024 0.31905864197530864
0 0.8428460743801653 0.19309413580246915 0.12422520661157024 0.31905864197530864
0 0.93724173553719 0.1743827160493827 0.125 0.32330246913580246
0 0.32554235537190085 0.30362654320987653 0.11286157024793389 0.31635802469135804
0 0.12254648760330579 0.3481867283950617 0.10924586776859505 0.3229166666666667
