0 0.5118333333333334 0.63325 0.09233333333333334 0.064
0 0.51075 0.693625 0.08516666666666667 0.07075
0 0.5186666666666667 0.212875 0.092 0.07225
2 0.5129166666666667 0.51825 0.08783333333333333 0.069
2 0.5140833333333333 0.458 0.0885 0.0735
0 0.5183333333333333 0.148125 0.092 0.07225
0 0.5165 0.273125 0.092 0.07225
0 0.5161666666666667 0.333875 0.092 0.07225
0 0.5168333333333334 0.396125 0.092 0.07225
0 0.5095 0.869875 0.092 0.07225
0 0.5115 0.80975 0.09233333333333334 0.064
0 0.5131666666666667 0.751 0.09233333333333334 0.064
0 0.5113333333333333 0.92675 0.09233333333333334 0.064
2 0.5135833333333333 0.5715 0.08783333333333333 0.069
