0 0.3988333333333333 0.402875 0.069 0.13725
1 0.4855833333333333 0.463875 0.07116666666666667 0.13075
0 0.7789166666666667 0.041125 0.0795 0.08225
0 0.029916666666666668 0.110125 0.059833333333333336 0.13975
0 0.7506666666666667 0.09125 0.07933333333333334 0.108
0 0.724 0.15325 0.07933333333333334 0.108
0 0.6963333333333334 0.21425 0.07933333333333334 0.108
0 0.6693333333333333 0.27825 0.07933333333333334 0.108
0 0.6413333333333333 0.33775 0.07933333333333334 0.108
0 0.05466666666666667 0.13625 0.076 0.14
0 0.08533333333333333 0.16225 0.076 0.14
0 0.11766666666666667 0.18775 0.076 0.14
0 0.14933333333333335 0.21425 0.076 0.14
0 0.18033333333333335 0.23875 0.076 0.14
0 0.21133333333333335 0.26275 0.076 0.14
0 0.242 0.28575 0.076 0.14
0 0.2733333333333333 0.31075 0.076 0.14
0 0.30366666666666664 0.33325 0.076 0.14
0 0.3333333333333333 0.35625 0.076 0.14
0 0.3636666666666667 0.37825 0.076 0.14
0 0.424 0.42175 0.076 0.14
0 0.453 0.44575 0.076 0.14
