0 0.61775 0.37775 0.10083333333333333 0.1555
1 0.5205 0.510125 0.10033333333333333 0.15625
0 0.6640833333333334 0.31425 0.10083333333333333 0.1555
0 0.57075 0.44425 0.10083333333333333 0.1555
0 0.47483333333333333 0.569875 0.09666666666666666 0.14325
0 0.4266666666666667 0.641 0.09666666666666666 0.152
0 0.374 0.71075 0.09666666666666666 0.152
0 0.7118333333333333 0.249 0.09666666666666666 0.152
0 0.7581666666666667 0.18625 0.09666666666666666 0.152
0 0.8068333333333333 0.126 0.09666666666666666 0.152
0 0.85275 0.065375 0.09683333333333333 0.13075
