0 0.47983333333333333 0.326875 0.067 0.05575
0 0.4925833333333333 0.109 0.06683333333333333 0.0545
0 0.484 0.238 0.06633333333333333 0.0535
0 0.4666666666666667 0.553875 0.07133333333333333 0.05425
0 0.461 0.65625 0.06833333333333333 0.0785
2 0.545 0.377625 0.06633333333333333 0.05825
2 0.5646666666666667 0.0305 0.06633333333333333 0.0525
2 0.5500833333333334 0.287 0.0655 0.0505
2 0.5604166666666667 0.11725 0.06283333333333334 0.056
2 0.5361666666666667 0.5575 0.06766666666666667 0.0545
0 0.49425 0.064 0.06683333333333333 0.0545
0 0.4995833333333333 0.024625 0.06516666666666666 0.04925
0 0.4885833333333333 0.1515 0.06683333333333333 0.0545
0 0.48691666666666666 0.19575 0.06683333333333333 0.0545
0 0.48 0.283 0.06633333333333333 0.0535
0 0.4716666666666667 0.46275 0.06633333333333333 0.0535
0 0.475 0.41625 0.06633333333333333 0.0535
0 0.4766666666666667 0.3755 0.06633333333333333 0.0535
0 0.4695 0.51125 0.06633333333333333 0.0535
0 0.46266666666666667 0.60225 0.06633333333333333 0.0535
2 0.5345 0.51425 0.06766666666666667 0.0545
2 0.5418333333333333 0.4225 0.06766666666666667 0.0545
2 0.5466666666666666 0.335125 0.06633333333333333 0.05825
2 0.5540833333333334 0.24375 0.0655 0.0505
2 0.5569166666666666 0.1555 0.0655 0.0505
0 0.56125 0.073125 0.06516666666666666 0.04325
2 0.55575 0.19975 0.0655 0.0505
0 0.54025 0.466625 0.06716666666666667 0.05075
0 0.5328333333333334 0.604 0.06633333333333333 0.0535
0 0.53 0.6965 0.06633333333333333 0.0535
2 0.5331666666666667 0.647375 0.06566666666666666 0.04925
