0 0.601 0.596875 0.069 0.13725
1 0.51425 0.535875 0.07116666666666667 0.13075
0 0.22091666666666668 0.958625 0.0795 0.08225
0 0.9700833333333333 0.889625 0.059833333333333336 0.13975
0 0.24916666666666668 0.9085 0.07933333333333334 0.108
0 0.2758333333333333 0.8465 0.07933333333333334 0.108
0 0.3035 0.7855 0.07933333333333334 0.108
0 0.3305 0.7215 0.07933333333333334 0.108
0 0.3585 0.662 0.07933333333333334 0.108
0 0.9451666666666667 0.8635 0.076 0.14
0 0.9145 0.8375 0.076 0.14
0 0.8821666666666667 0.812 0.076 0.14
0 0.8505 0.7855 0.076 0.14
0 0.8195 0.761 0.076 0.14
0 0.7885 0.737 0.076 0.14
0 0.7578333333333334 0.714 0.076 0.14
0 0.7265 0.689 0.076 0.14
0 0.6961666666666667 0.6665 0.076 0.14
0 0.6665 0.6435 0.076 0.14
0 0.6361666666666667 0.6215 0.076 0.14
0 0.5758333333333333 0.578 0.076 0.14
0 0.5468333333333333 0.554 0.076 0.14
