0 0.48233333333333334 0.757375 0.09066666666666667 0.07225
0 0.4815833333333333 0.664625 0.0875 0.07475
0 0.4815 0.570125 0.09233333333333334 0.06875
0 0.48191666666666666 0.468875 0.08983333333333333 0.07125
2 0.47975 0.203875 0.0935 0.07875
2 0.48041666666666666 0.1305 0.09583333333333334 0.1095
0 0.479 0.256 0.091 0.079
0 0.479 0.3085 0.091 0.079
0 0.4795 0.36225 0.091 0.079
0 0.48 0.41525 0.091 0.079
0 0.4816666666666667 0.51525 0.091 0.079
0 0.4816666666666667 0.607 0.091 0.079
0 0.4825 0.7065 0.091 0.079
0 0.48383333333333334 0.79825 0.091 0.079
0 0.4846666666666667 0.84475 0.091 0.079
0 0.4835 0.8865 0.091 0.079
