0 0.48341666666666666 0.65125 0.059833333333333336 0.058
0 0.47508333333333336 0.696125 0.0575 0.05625
1 0.5025 0.5635 0.051333333333333335 0.0455
1 0.5145833333333333 0.464375 0.059166666666666666 0.05175
0 0.46741666666666665 0.743875 0.0575 0.05625
0 0.46041666666666664 0.792375 0.0575 0.05625
0 0.45258333333333334 0.839625 0.0575 0.05625
0 0.44508333333333333 0.885375 0.0575 0.05625
0 0.4375833333333333 0.932625 0.0575 0.05625
0 0.43083333333333335 0.976625 0.056 0.04625
0 0.4890833333333333 0.6065 0.059833333333333336 0.058
0 0.5039166666666667 0.515 0.059833333333333336 0.058
0 0.5190833333333333 0.4195 0.059833333333333336 0.058
0 0.52725 0.37375 0.059833333333333336 0.058
0 0.5349166666666667 0.327 0.059833333333333336 0.058
0 0.54425 0.27975 0.05683333333333333 0.0535
0 0.5516666666666666 0.232625 0.057 0.05625
0 0.6116666666666667 0.057625 0.051666666666666666 0.08075
0 0.6278333333333334 0.044375 0.051666666666666666 0.08075
0 0.6405833333333333 0.034625 0.050833333333333335 0.06925
