0 0.3396666666666667 0.25725 0.04766666666666667 0.071
1 0.48175 0.450875 0.04516666666666667 0.06525
0 0.17191666666666666 0.028875 0.04616666666666667 0.05775
0 0.19816666666666666 0.05425 0.04766666666666667 0.071
0 0.22133333333333333 0.08975 0.04766666666666667 0.071
0 0.245 0.12275 0.04766666666666667 0.071
0 0.2693333333333333 0.15675 0.04766666666666667 0.071
0 0.292 0.189 0.04766666666666667 0.071
0 0.31633333333333336 0.22375 0.04766666666666667 0.071
0 0.3626666666666667 0.29425 0.04766666666666667 0.071
0 0.3863333333333333 0.324 0.04766666666666667 0.071
0 0.41 0.35875 0.04766666666666667 0.071
0 0.43316666666666664 0.3885 0.04766666666666667 0.071
0 0.45516666666666666 0.42675 0.04766666666666667 0.071
0 0.506 0.48875 0.04766666666666667 0.071
0 0.5291666666666667 0.52 0.04766666666666667 0.071
0 0.5511666666666667 0.54875 0.04766666666666667 0.071
0 0.5743333333333334 0.5825 0.04766666666666667 0.071
0 0.597 0.61475 0.04766666666666667 0.071
