0 0.6369166666666667 0.5465 0.0775 0.168
1 0.489 0.490125 0.07466666666666667 0.16375
0 0.16475 0.906 0.10583333333333333 0.1265
0 0.19025 0.82025 0.10583333333333333 0.1265
0 0.21058333333333334 0.73625 0.10583333333333333 0.1265
0 0.23633333333333334 0.65 0.10233333333333333 0.126
0 0.9495 0.686 0.08133333333333333 0.1705
0 0.911 0.67 0.08133333333333333 0.1705
0 0.8715833333333334 0.647 0.08183333333333333 0.174
0 0.8319166666666666 0.62925 0.08183333333333333 0.174
0 0.7955833333333333 0.61325 0.08183333333333333 0.174
0 0.75475 0.59725 0.08183333333333333 0.174
0 0.7174166666666667 0.58025 0.08183333333333333 0.174
0 0.6805833333333333 0.56075 0.08183333333333333 0.174
0 0.6030833333333333 0.531 0.08183333333333333 0.174
0 0.57025 0.515 0.08183333333333333 0.174
0 0.4235 0.45925 0.077 0.1685
0 0.3884166666666667 0.4445 0.07483333333333334 0.166
