0 0.3575 0.49775 0.04733333333333333 0.118
0 0.32825 0.5005 0.043833333333333335 0.1185
2 0.42033333333333334 0.48975 0.043666666666666666 0.1185
2 0.22608333333333333 0.51225 0.06116666666666667 0.122
0 0.2965833333333333 0.5055 0.04683333333333333 0.1265
0 0.38825 0.49225 0.04683333333333333 0.1265
0 0.4499166666666667 0.48775 0.04516666666666667 0.127
0 0.47925 0.4845 0.04683333333333333 0.1265
0 0.50975 0.48025 0.04683333333333333 0.1265
0 0.5365833333333333 0.4725 0.04683333333333333 0.1265
0 0.56825 0.47175 0.04683333333333333 0.1265
0 0.59625 0.46925 0.04683333333333333 0.1265
0 0.6255833333333334 0.46575 0.04683333333333333 0.1265
0 0.6560833333333334 0.46225 0.04683333333333333 0.1265
0 0.6840833333333334 0.4615 0.04683333333333333 0.1265
0 0.7115833333333333 0.458 0.04683333333333333 0.1265
0 0.7444166666666666 0.46075 0.04683333333333333 0.1265
0 0.7724166666666666 0.45825 0.04683333333333333 0.1265
0 0.7980833333333334 0.4575 0.04683333333333333 0.1265
0 0.82675 0.454 0.04683333333333333 0.1265
0 0.8560833333333333 0.449125 0.04416666666666667 0.11975
0 0.8840833333333333 0.452875 0.04416666666666667 0.11975
0 0.9074166666666666 0.454875 0.04416666666666667 0.11975
