0 0.6124166666666667 0.43825 0.0475 0.1235
1 0.5230833333333333 0.462375 0.0415 0.12775
0 0.7889166666666667 0.389375 0.0675 0.12075
0 0.7461666666666666 0.399625 0.050333333333333334 0.11825
0 0.7133333333333334 0.410375 0.050333333333333334 0.11825
0 0.6808333333333333 0.420125 0.050333333333333334 0.11825
0 0.6485 0.430375 0.050333333333333334 0.11825
0 0.5821666666666667 0.447125 0.050333333333333334 0.11825
0 0.55 0.456625 0.050333333333333334 0.11825
0 0.48683333333333334 0.473125 0.050333333333333334 0.11825
0 0.4558333333333333 0.481625 0.050333333333333334 0.11825
0 0.42433333333333334 0.486375 0.050333333333333334 0.11825
0 0.3938333333333333 0.497625 0.050333333333333334 0.11825
0 0.363 0.502875 0.050333333333333334 0.11825
0 0.3315 0.509375 0.050333333333333334 0.11825
0 0.30233333333333334 0.518125 0.050666666666666665 0.11275
0 0.27266666666666667 0.523625 0.050666666666666665 0.11275
0 0.24216666666666667 0.529875 0.050666666666666665 0.11275
0 0.2125 0.538125 0.050666666666666665 0.11275
0 0.18333333333333332 0.541875 0.050666666666666665 0.11275
0 0.155 0.548625 0.050666666666666665 0.11275
0 0.12616666666666668 0.553125 0.050666666666666665 0.11275
0 0.09791666666666667 0.558625 0.0505 0.10825
0 0.06891666666666667 0.562375 0.0505 0.10825
