0 0.4404166666666667 0.51175 0.0515 0.0995
2 0.7225833333333334 0.332125 0.0585 0.10325
0 0.6905833333333333 0.3505 0.0515 0.0995
0 0.66175 0.36925 0.0515 0.0995
0 0.6345833333333334 0.38875 0.0515 0.0995
0 0.60625 0.4065 0.0515 0.0995
0 0.5785833333333333 0.4235 0.0515 0.0995
0 0.55025 0.44375 0.0515 0.0995
0 0.5225833333333333 0.4625 0.0515 0.0995
0 0.4920833333333333 0.4795 0.0515 0.0995
0 0.46608333333333335 0.494 0.0515 0.0995
0 0.41525 0.527 0.0515 0.0995
0 0.3869166666666667 0.543 0.0515 0.0995
0 0.3620833333333333 0.56 0.0515 0.0995
0 0.33441666666666664 0.576 0.0515 0.0995
0 0.3089166666666667 0.59125 0.0515 0.0995
0 0.28125 0.6065 0.0515 0.0995
0 0.25575 0.62 0.0515 0.0995
0 0.23208333333333334 0.63525 0.0515 0.0995
0 0.20725 0.653 0.0515 0.0995
0 0.18175 0.664 0.0515 0.0995
0 0.15625 0.6835 0.0515 0.0995
0 0.12975 0.69025 0.0515 0.0995
0 0.10258333333333333 0.7055 0.0515 0.0995
