0 0.50675 0.492375 0.041166666666666664 0.09025
1 0.5979166666666667 0.434 0.0345 0.098
0 0.062 0.756625 0.05433333333333333 0.09725
0 0.09241666666666666 0.741125 0.043833333333333335 0.09275
0 0.11925 0.726125 0.043833333333333335 0.09275
0 0.14675 0.707625 0.043833333333333335 0.09275
0 0.17541666666666667 0.689875 0.043833333333333335 0.09275
0 0.20175 0.674875 0.043833333333333335 0.09275
0 0.22741666666666666 0.658125 0.043833333333333335 0.09275
0 0.25425 0.644125 0.043833333333333335 0.09275
0 0.27991666666666665 0.626375 0.043833333333333335 0.09275
0 0.30625 0.611375 0.043833333333333335 0.09275
0 0.3304166666666667 0.595375 0.043833333333333335 0.09275
0 0.35591666666666666 0.581375 0.043833333333333335 0.09275
0 0.38225 0.564625 0.043833333333333335 0.09275
0 0.40791666666666665 0.552375 0.043833333333333335 0.09275
0 0.43175 0.534625 0.043833333333333335 0.09275
0 0.45558333333333334 0.520625 0.043833333333333335 0.09275
0 0.48125 0.506625 0.043833333333333335 0.09275
0 0.5284166666666666 0.480125 0.043833333333333335 0.09275
0 0.5529166666666666 0.462375 0.043833333333333335 0.09275
0 0.6479166666666667 0.410875 0.043833333333333335 0.09275
0 0.769 0.458625 0.04933333333333333 0.07225
0 0.79 0.492625 0.04933333333333333 0.07225
0 0.811 0.526625 0.04933333333333333 0.07225
0 0.8331666666666667 0.558125 0.04933333333333333 0.07225
0 0.8528333333333333 0.590375 0.04933333333333333 0.07225
0 0.8773333333333333 0.625375 0.04933333333333333 0.07225
0 0.8965 0.657625 0.04933333333333333 0.07225
0 0.9156666666666666 0.689875 0.04933333333333333 0.07225
0 0.939 0.722125 0.04933333333333333 0.07225
0 0.9586666666666667 0.756125 0.04933333333333333 0.07225
0 0.9794166666666667 0.788125 0.04083333333333333 0.06925
0 0.6278333333333334 0.42275 0.03966666666666667 0.0875
