0 0.6601666666666667 0.7425 0.04766666666666667 0.071
1 0.5180833333333333 0.548875 0.04516666666666667 0.06525
0 0.8279166666666666 0.970875 0.04616666666666667 0.05775
0 0.8016666666666666 0.9455 0.04766666666666667 0.071
0 0.7785 0.91 0.04766666666666667 0.071
0 0.7548333333333334 0.877 0.04766666666666667 0.071
0 0.7305 0.843 0.04766666666666667 0.071
0 0.7078333333333333 0.81075 0.04766666666666667 0.071
0 0.6835 0.776 0.04766666666666667 0.071
0 0.6371666666666667 0.7055 0.04766666666666667 0.071
0 0.6135 0.67575 0.04766666666666667 0.071
0 0.5898333333333333 0.641 0.04766666666666667 0.071
0 0.5666666666666667 0.61125 0.04766666666666667 0.071
0 0.5446666666666666 0.573 0.04766666666666667 0.071
0 0.49383333333333335 0.511 0.04766666666666667 0.071
0 0.4706666666666667 0.47975 0.04766666666666667 0.071
0 0.44866666666666666 0.451 0.04766666666666667 0.071
0 0.4255 0.41725 0.04766666666666667 0.071
0 0.4028333333333333 0.385 0.04766666666666667 0.071
