0 0.4404166666666667 0.488 0.0515 0.0995
2 0.7225833333333334 0.667625 0.0585 0.10325
0 0.6905833333333333 0.64925 0.0515 0.0995
0 0.66175 0.6305 0.0515 0.0995
0 0.6345833333333334 0.611 0.0515 0.0995
0 0.60625 0.59325 0.0515 0.0995
0 0.5785833333333333 0.57625 0.0515 0.0995
0 0.55025 0.556 0.0515 0.0995
0 0.5225833333333333 0.53725 0.0515 0.0995
0 0.4920833333333333 0.52025 0.0515 0.0995
0 0.46608333333333335 0.50575 0.0515 0.0995
0 0.41525 0.47275 0.0515 0.0995
0 0.3869166666666667 0.45675 0.0515 0.0995
0 0.3620833333333333 0.43975 0.0515 0.0995
0 0.33441666666666664 0.42375 0.0515 0.0995
0 0.3089166666666667 0.4085 0.0515 0.0995
0 0.28125 0.39325 0.0515 0.0995
0 0.25575 0.37975 0.0515 0.0995
0 0.23208333333333334 0.3645 0.0515 0.0995
0 0.20725 0.34675 0.0515 0.0995
0 0.18175 0.33575 0.0515 0.0995
0 0.15625 0.31625 0.0515 0.0995
0 0.12975 0.3095 0.0515 0.0995
0 0.10258333333333333 0.29425 0.0515 0.0995
