0 0.6601666666666667 0.25725 0.04766666666666667 0.071
1 0.5180833333333333 0.450875 0.04516666666666667 0.06525
0 0.8279166666666666 0.028875 0.04616666666666667 0.05775
0 0.8016666666666666 0.05425 0.04766666666666667 0.071
0 0.7785 0.08975 0.04766666666666667 0.071
0 0.7548333333333334 0.12275 0.04766666666666667 0.071
0 0.7305 0.15675 0.04766666666666667 0.071
0 0.7078333333333333 0.189 0.04766666666666667 0.071
0 0.6835 0.22375 0.04766666666666667 0.071
0 0.6371666666666667 0.29425 0.04766666666666667 0.071
0 0.6135 0.324 0.04766666666666667 0.071
0 0.5898333333333333 0.35875 0.04766666666666667 0.071
0 0.5666666666666667 0.3885 0.04766666666666667 0.071
0 0.5446666666666666 0.42675 0.04766666666666667 0.071
0 0.49383333333333335 0.48875 0.04766666666666667 0.071
0 0.4706666666666667 0.52 0.04766666666666667 0.071
0 0.44866666666666666 0.54875 0.04766666666666667 0.071
0 0.4255 0.5825 0.04766666666666667 0.071
0 0.4028333333333333 0.61475 0.04766666666666667 0.071
