0 0.6423333333333333 0.49775 0.04733333333333333 0.118
0 0.6715833333333333 0.5005 0.043833333333333335 0.1185
2 0.5795 0.48975 0.043666666666666666 0.1185
2 0.77375 0.51225 0.06116666666666667 0.122
0 0.70325 0.5055 0.04683333333333333 0.1265
0 0.6115833333333334 0.49225 0.04683333333333333 0.1265
0 0.5499166666666667 0.48775 0.04516666666666667 0.127
0 0.5205833333333333 0.4845 0.04683333333333333 0.1265
0 0.4900833333333333 0.48025 0.04683333333333333 0.1265
0 0.46325 0.4725 0.04683333333333333 0.1265
0 0.4315833333333333 0.47175 0.04683333333333333 0.1265
0 0.40358333333333335 0.46925 0.04683333333333333 0.1265
0 0.37425 0.46575 0.04683333333333333 0.1265
0 0.34375 0.46225 0.04683333333333333 0.1265
0 0.31575 0.4615 0.04683333333333333 0.1265
0 0.28825 0.458 0.04683333333333333 0.1265
0 0.2554166666666667 0.46075 0.04683333333333333 0.1265
0 0.22741666666666666 0.45825 0.04683333333333333 0.1265
0 0.20175 0.4575 0.04683333333333333 0.1265
0 0.17308333333333334 0.454 0.04683333333333333 0.1265
0 0.14375 0.449125 0.04416666666666667 0.11975
0 0.11575 0.452875 0.04416666666666667 0.11975
0 0.09241666666666666 0.454875 0.04416666666666667 0.11975
