0 0.36291666666666667 0.45325 0.0775 0.168
1 0.5108333333333334 0.509625 0.07466666666666667 0.16375
0 0.8350833333333333 0.09375 0.10583333333333333 0.1265
0 0.8095833333333333 0.1795 0.10583333333333333 0.1265
0 0.78925 0.2635 0.10583333333333333 0.1265
0 0.7635 0.34975 0.10233333333333333 0.126
0 0.050333333333333334 0.31375 0.08133333333333333 0.1705
0 0.08883333333333333 0.32975 0.08133333333333333 0.1705
0 0.12825 0.35275 0.08183333333333333 0.174
0 0.16791666666666666 0.3705 0.08183333333333333 0.174
0 0.20425 0.3865 0.08183333333333333 0.174
0 0.24508333333333332 0.4025 0.08183333333333333 0.174
0 0.28241666666666665 0.4195 0.08183333333333333 0.174
0 0.31925 0.439 0.08183333333333333 0.174
0 0.39675 0.46875 0.08183333333333333 0.174
0 0.4295833333333333 0.48475 0.08183333333333333 0.174
0 0.5763333333333334 0.5405 0.077 0.1685
0 0.6114166666666667 0.55525 0.07483333333333334 0.166
