0 0.4930833333333333 0.492375 0.041166666666666664 0.09025
1 0.40191666666666664 0.434 0.0345 0.098
0 0.9378333333333333 0.756625 0.05433333333333333 0.09725
0 0.9074166666666666 0.741125 0.043833333333333335 0.09275
0 0.8805833333333334 0.726125 0.043833333333333335 0.09275
0 0.8530833333333333 0.707625 0.043833333333333335 0.09275
0 0.8244166666666667 0.689875 0.043833333333333335 0.09275
0 0.7980833333333334 0.674875 0.043833333333333335 0.09275
0 0.7724166666666666 0.658125 0.043833333333333335 0.09275
0 0.7455833333333334 0.644125 0.043833333333333335 0.09275
0 0.7199166666666666 0.626375 0.043833333333333335 0.09275
0 0.6935833333333333 0.611375 0.043833333333333335 0.09275
0 0.6694166666666667 0.595375 0.043833333333333335 0.09275
0 0.6439166666666667 0.581375 0.043833333333333335 0.09275
0 0.6175833333333334 0.564625 0.043833333333333335 0.09275
0 0.5919166666666666 0.552375 0.043833333333333335 0.09275
0 0.5680833333333334 0.534625 0.043833333333333335 0.09275
0 0.54425 0.520625 0.043833333333333335 0.09275
0 0.5185833333333333 0.506625 0.043833333333333335 0.09275
0 0.47141666666666665 0.480125 0.043833333333333335 0.09275
0 0.4469166666666667 0.462375 0.043833333333333335 0.09275
0 0.35191666666666666 0.410875 0.043833333333333335 0.09275
0 0.23083333333333333 0.458625 0.04933333333333333 0.07225
0 0.20983333333333334 0.492625 0.04933333333333333 0.07225
0 0.18883333333333333 0.526625 0.04933333333333333 0.07225
0 0.16666666666666666 0.558125 0.04933333333333333 0.07225
0 0.147 0.590375 0.04933333333333333 0.07225
0 0.1225 0.625375 0.04933333333333333 0.07225
0 0.10333333333333333 0.657625 0.04933333333333333 0.07225
0 0.08416666666666667 0.689875 0.04933333333333333 0.07225
0 0.060833333333333336 0.722125 0.04933333333333333 0.07225
0 0.041166666666666664 0.756125 0.04933333333333333 0.07225
0 0.020416666666666666 0.788125 0.04083333333333333 0.06925
0 0.372 0.42275 0.03966666666666667 0.0875
