0 0.5594166666666667 0.51175 0.0515 0.0995
2 0.27725 0.332125 0.0585 0.10325
0 0.30925 0.3505 0.0515 0.0995
0 0.33808333333333335 0.36925 0.0515 0.0995
0 0.36525 0.38875 0.0515 0.0995
0 0.39358333333333334 0.4065 0.0515 0.0995
0 0.42125 0.4235 0.0515 0.0995
0 0.44958333333333333 0.44375 0.0515 0.0995
0 0.47725 0.4625 0.0515 0.0995
0 0.50775 0.4795 0.0515 0.0995
0 0.53375 0.494 0.0515 0.0995
0 0.5845833333333333 0.527 0.0515 0.0995
0 0.6129166666666667 0.543 0.0515 0.0995
0 0.63775 0.56 0.0515 0.0995
0 0.6654166666666667 0.576 0.0515 0.0995
0 0.6909166666666666 0.59125 0.0515 0.0995
0 0.7185833333333334 0.6065 0.0515 0.0995
0 0.7440833333333333 0.62 0.0515 0.0995
0 0.76775 0.63525 0.0515 0.0995
0 0.7925833333333333 0.653 0.0515 0.0995
0 0.8180833333333334 0.664 0.0515 0.0995
0 0.8435833333333334 0.6835 0.0515 0.0995
0 0.8700833333333333 0.69025 0.0515 0.0995
0 0.89725 0.7055 0.0515 0.0995
