2 0.15233333333333332 0.458875 0.09433333333333334 0.17375
2 0.27741666666666664 0.481875 0.0675 0.16625
2 0.3864166666666667 0.503875 0.0675 0.16625
2 0.49041666666666667 0.522375 0.0675 0.16625
2 0.7138333333333333 0.557 0.06466666666666666 0.156
2 0.8589166666666667 0.57125 0.0625 0.1475
0 0.20266666666666666 0.4625 0.073 0.1695
0 0.24033333333333334 0.47675 0.073 0.1695
0 0.55675 0.533625 0.07183333333333333 0.15675
0 0.5865833333333333 0.539625 0.07183333333333333 0.15325
0 0.6180833333333333 0.542125 0.07183333333333333 0.15325
0 0.6489166666666667 0.547125 0.07183333333333333 0.15325
0 0.7493333333333333 0.562375 0.052333333333333336 0.15875
0 0.7751666666666667 0.5615 0.05566666666666667 0.152
0 0.8033333333333333 0.56575 0.05566666666666667 0.152
0 0.918 0.57425 0.05566666666666667 0.152
