0 0.50675 0.507375 0.041166666666666664 0.09025
1 0.5979166666666667 0.56575 0.0345 0.098
0 0.062 0.243125 0.05433333333333333 0.09725
0 0.09241666666666666 0.258625 0.043833333333333335 0.09275
0 0.11925 0.273625 0.043833333333333335 0.09275
0 0.14675 0.292125 0.043833333333333335 0.09275
0 0.17541666666666667 0.309875 0.043833333333333335 0.09275
0 0.20175 0.324875 0.043833333333333335 0.09275
0 0.22741666666666666 0.341625 0.043833333333333335 0.09275
0 0.25425 0.355625 0.043833333333333335 0.09275
0 0.27991666666666665 0.373375 0.043833333333333335 0.09275
0 0.30625 0.388375 0.043833333333333335 0.09275
0 0.3304166666666667 0.404375 0.043833333333333335 0.09275
0 0.35591666666666666 0.418375 0.043833333333333335 0.09275
0 0.38225 0.435125 0.043833333333333335 0.09275
0 0.40791666666666665 0.447375 0.043833333333333335 0.09275
0 0.43175 0.465125 0.043833333333333335 0.09275
0 0.45558333333333334 0.479125 0.043833333333333335 0.09275
0 0.48125 0.493125 0.043833333333333335 0.09275
0 0.5284166666666666 0.519625 0.043833333333333335 0.09275
0 0.5529166666666666 0.537375 0.043833333333333335 0.09275
0 0.6479166666666667 0.588875 0.043833333333333335 0.09275
0 0.769 0.541125 0.04933333333333333 0.07225
0 0.79 0.507125 0.04933333333333333 0.07225
0 0.811 0.473125 0.04933333333333333 0.07225
0 0.8331666666666667 0.441625 0.04933333333333333 0.07225
0 0.8528333333333333 0.409375 0.04933333333333333 0.07225
0 0.8773333333333333 0.374375 0.04933333333333333 0.07225
0 0.8965 0.342125 0.04933333333333333 0.07225
0 0.9156666666666666 0.309875 0.04933333333333333 0.07225
0 0.939 0.277625 0.04933333333333333 0.07225
0 0.9586666666666667 0.243625 0.04933333333333333 0.07225
0 0.9794166666666667 0.211625 0.04083333333333333 0.06925
0 0.6278333333333334 0.577 0.03966666666666667 0.0875
