0 0.3575 0.502 0.04733333333333333 0.118
0 0.32825 0.49925 0.043833333333333335 0.1185
2 0.42033333333333334 0.51 0.043666666666666666 0.1185
2 0.22608333333333333 0.4875 0.06116666666666667 0.122
0 0.2965833333333333 0.49425 0.04683333333333333 0.1265
0 0.38825 0.5075 0.04683333333333333 0.1265
0 0.4499166666666667 0.512 0.04516666666666667 0.127
0 0.47925 0.51525 0.04683333333333333 0.1265
0 0.50975 0.5195 0.04683333333333333 0.1265
0 0.5365833333333333 0.52725 0.04683333333333333 0.1265
0 0.56825 0.528 0.04683333333333333 0.1265
0 0.59625 0.5305 0.04683333333333333 0.1265
0 0.6255833333333334 0.534 0.04683333333333333 0.1265
0 0.6560833333333334 0.5375 0.04683333333333333 0.1265
0 0.6840833333333334 0.53825 0.04683333333333333 0.1265
0 0.7115833333333333 0.54175 0.04683333333333333 0.1265
0 0.7444166666666666 0.539 0.04683333333333333 0.1265
0 0.7724166666666666 0.5415 0.04683333333333333 0.1265
0 0.7980833333333334 0.54225 0.04683333333333333 0.1265
0 0.82675 0.54575 0.04683333333333333 0.1265
0 0.8560833333333333 0.550625 0.04416666666666667 0.11975
0 0.8840833333333333 0.546875 0.04416666666666667 0.11975
0 0.9074166666666666 0.544875 0.04416666666666667 0.11975
