0 0.6369166666666667 0.45325 0.0775 0.168
1 0.489 0.509625 0.07466666666666667 0.16375
0 0.16475 0.09375 0.10583333333333333 0.1265
0 0.19025 0.1795 0.10583333333333333 0.1265
0 0.21058333333333334 0.2635 0.10583333333333333 0.1265
0 0.23633333333333334 0.34975 0.10233333333333333 0.126
0 0.9495 0.31375 0.08133333333333333 0.1705
0 0.911 0.32975 0.08133333333333333 0.1705
0 0.8715833333333334 0.35275 0.08183333333333333 0.174
0 0.8319166666666666 0.3705 0.08183333333333333 0.174
0 0.7955833333333333 0.3865 0.08183333333333333 0.174
0 0.75475 0.4025 0.08183333333333333 0.174
0 0.7174166666666667 0.4195 0.08183333333333333 0.174
0 0.6805833333333333 0.439 0.08183333333333333 0.174
0 0.6030833333333333 0.46875 0.08183333333333333 0.174
0 0.57025 0.48475 0.08183333333333333 0.174
0 0.4235 0.5405 0.077 0.1685
0 0.3884166666666667 0.55525 0.07483333333333334 0.166
