0 0.3874166666666667 0.5615 0.0475 0.1235
1 0.47675 0.537375 0.0415 0.12775
0 0.21091666666666667 0.610375 0.0675 0.12075
0 0.25366666666666665 0.600125 0.050333333333333334 0.11825
0 0.2865 0.589375 0.050333333333333334 0.11825
0 0.319 0.579625 0.050333333333333334 0.11825
0 0.35133333333333333 0.569375 0.050333333333333334 0.11825
0 0.4176666666666667 0.552625 0.050333333333333334 0.11825
0 0.4498333333333333 0.543125 0.050333333333333334 0.11825
0 0.513 0.526625 0.050333333333333334 0.11825
0 0.544 0.518125 0.050333333333333334 0.11825
0 0.5755 0.513375 0.050333333333333334 0.11825
0 0.606 0.502125 0.050333333333333334 0.11825
0 0.6368333333333334 0.496875 0.050333333333333334 0.11825
0 0.6683333333333333 0.490375 0.050333333333333334 0.11825
0 0.6975 0.481625 0.050666666666666665 0.11275
0 0.7271666666666666 0.476125 0.050666666666666665 0.11275
0 0.7576666666666667 0.469875 0.050666666666666665 0.11275
0 0.7873333333333333 0.461625 0.050666666666666665 0.11275
0 0.8165 0.457875 0.050666666666666665 0.11275
0 0.8448333333333333 0.451125 0.050666666666666665 0.11275
0 0.8736666666666667 0.446625 0.050666666666666665 0.11275
0 0.9019166666666667 0.441125 0.0505 0.10825
0 0.9309166666666666 0.437375 0.0505 0.10825
