0 0.3874166666666667 0.43825 0.0475 0.1235
1 0.47675 0.462375 0.0415 0.12775
0 0.21091666666666667 0.389375 0.0675 0.12075
0 0.25366666666666665 0.399625 0.050333333333333334 0.11825
0 0.2865 0.410375 0.050333333333333334 0.11825
0 0.319 0.420125 0.050333333333333334 0.11825
0 0.35133333333333333 0.430375 0.050333333333333334 0.11825
0 0.4176666666666667 0.447125 0.050333333333333334 0.11825
0 0.4498333333333333 0.456625 0.050333333333333334 0.11825
0 0.513 0.473125 0.050333333333333334 0.11825
0 0.544 0.481625 0.050333333333333334 0.11825
0 0.5755 0.486375 0.050333333333333334 0.11825
0 0.606 0.497625 0.050333333333333334 0.11825
0 0.6368333333333334 0.502875 0.050333333333333334 0.11825
0 0.6683333333333333 0.509375 0.050333333333333334 0.11825
0 0.6975 0.518125 0.050666666666666665 0.11275
0 0.7271666666666666 0.523625 0.050666666666666665 0.11275
0 0.7576666666666667 0.529875 0.050666666666666665 0.11275
0 0.7873333333333333 0.538125 0.050666666666666665 0.11275
0 0.8165 0.541875 0.050666666666666665 0.11275
0 0.8448333333333333 0.548625 0.050666666666666665 0.11275
0 0.8736666666666667 0.553125 0.050666666666666665 0.11275
0 0.9019166666666667 0.558625 0.0505 0.10825
0 0.9309166666666666 0.562375 0.0505 0.10825
