0 0.48341666666666666 0.3485 0.059833333333333336 0.058
0 0.47508333333333336 0.303625 0.0575 0.05625
1 0.5025 0.43625 0.051333333333333335 0.0455
1 0.5145833333333333 0.535375 0.059166666666666666 0.05175
0 0.46741666666666665 0.255875 0.0575 0.05625
0 0.46041666666666664 0.207375 0.0575 0.05625
0 0.45258333333333334 0.160125 0.0575 0.05625
0 0.44508333333333333 0.114375 0.0575 0.05625
0 0.4375833333333333 0.067125 0.0575 0.05625
0 0.43083333333333335 0.023125 0.056 0.04625
0 0.4890833333333333 0.39325 0.059833333333333336 0.058
0 0.5039166666666667 0.48475 0.059833333333333336 0.058
0 0.5190833333333333 0.58025 0.059833333333333336 0.058
0 0.52725 0.626 0.059833333333333336 0.058
0 0.5349166666666667 0.67275 0.059833333333333336 0.058
0 0.54425 0.72 0.05683333333333333 0.0535
0 0.5516666666666666 0.767125 0.057 0.05625
0 0.6116666666666667 0.942125 0.051666666666666666 0.08075
0 0.6278333333333334 0.955375 0.051666666666666666 0.08075
0 0.6405833333333333 0.965375 0.050833333333333335 0.06925
