2 0.8475 0.540875 0.09433333333333334 0.17375
2 0.7224166666666667 0.517875 0.0675 0.16625
2 0.6134166666666667 0.495875 0.0675 0.16625
2 0.5094166666666666 0.477375 0.0675 0.16625
2 0.286 0.44275 0.06466666666666666 0.156
2 0.14091666666666666 0.4285 0.0625 0.1475
0 0.7971666666666667 0.53725 0.073 0.1695
0 0.7595 0.523 0.073 0.1695
0 0.44308333333333333 0.466125 0.07183333333333333 0.15675
0 0.41325 0.460125 0.07183333333333333 0.15325
0 0.38175 0.457625 0.07183333333333333 0.15325
0 0.35091666666666665 0.452625 0.07183333333333333 0.15325
0 0.2505 0.437375 0.052333333333333336 0.15875
0 0.22466666666666665 0.43825 0.05566666666666667 0.152
0 0.1965 0.434 0.05566666666666667 0.152
0 0.08183333333333333 0.4255 0.05566666666666667 0.152
