0 0.6685 0.7825 0.03933333333333333 0.056
0 0.6228333333333333 0.70325 0.04133333333333333 0.058
0 0.6539166666666667 0.755625 0.03816666666666667 0.05525
1 0.3729166666666667 0.27875 0.0375 0.0515
1 0.3878333333333333 0.30875 0.033666666666666664 0.0445
1 0.49825 0.488625 0.03783333333333333 0.05725
0 0.7168333333333333 0.8665 0.03933333333333333 0.056
0 0.7015 0.8345 0.03933333333333333 0.056
0 0.6855 0.808 0.03933333333333333 0.056
0 0.6386666666666667 0.7305 0.03933333333333333 0.056
0 0.609 0.67725 0.03933333333333333 0.056
0 0.5925 0.649 0.03933333333333333 0.056
0 0.579 0.62325 0.03933333333333333 0.056
0 0.5618333333333333 0.5975 0.03933333333333333 0.056
0 0.547 0.571 0.03933333333333333 0.056
0 0.5293333333333333 0.54275 0.03933333333333333 0.056
0 0.5158333333333334 0.5215 0.03933333333333333 0.056
0 0.48325 0.46075 0.03216666666666667 0.046
0 0.4678333333333333 0.43775 0.03933333333333333 0.056
0 0.453 0.41125 0.03933333333333333 0.056
0 0.43816666666666665 0.38475 0.03933333333333333 0.056
0 0.4221666666666667 0.35725 0.03933333333333333 0.056
0 0.40725 0.3345 0.0385 0.053
0 0.3580833333333333 0.2535 0.0385 0.053
0 0.27416666666666667 0.203375 0.03166666666666667 0.06625
0 0.2579166666666667 0.20975 0.0335 0.0665
0 0.23958333333333334 0.21625 0.0335 0.0665
0 0.22358333333333333 0.22 0.0335 0.0665
0 0.20825 0.22725 0.0335 0.0665
0 0.18991666666666668 0.2355 0.0335 0.0665
0 0.17575 0.24375 0.0335 0.0665
0 0.16041666666666668 0.2485 0.0335 0.0665
0 0.13975 0.25675 0.0335 0.0665
0 0.12558333333333332 0.264 0.0335 0.0665
0 0.10841666666666666 0.2705 0.0335 0.0665
0 0.09191666666666666 0.277 0.0335 0.0665
0 0.07708333333333334 0.28525 0.0335 0.0665
0 0.057583333333333334 0.2925 0.0335 0.0665
0 0.04158333333333333 0.3035 0.0335 0.0665
0 0.025583333333333333 0.3125 0.0335 0.0665
0 0.012416666666666666 0.320125 0.024833333333333332 0.06075
