2 0.8475 0.458875 0.09433333333333334 0.17375
2 0.7224166666666667 0.481875 0.0675 0.16625
2 0.6134166666666667 0.503875 0.0675 0.16625
2 0.5094166666666666 0.522375 0.0675 0.16625
2 0.286 0.557 0.06466666666666666 0.156
2 0.14091666666666666 0.57125 0.0625 0.1475
0 0.7971666666666667 0.4625 0.073 0.1695
0 0.7595 0.47675 0.073 0.1695
0 0.44308333333333333 0.533625 0.07183333333333333 0.15675
0 0.41325 0.539625 0.07183333333333333 0.15325
0 0.38175 0.542125 0.07183333333333333 0.15325
0 0.35091666666666665 0.547125 0.07183333333333333 0.15325
0 0.2505 0.562375 0.052333333333333336 0.15875
0 0.22466666666666665 0.5615 0.05566666666666667 0.152
0 0.1965 0.56575 0.05566666666666667 0.152
0 0.08183333333333333 0.57425 0.05566666666666667 0.152
