0 0.6685 0.21725 0.03933333333333333 0.056
0 0.6228333333333333 0.2965 0.04133333333333333 0.058
0 0.6539166666666667 0.244125 0.03816666666666667 0.05525
1 0.3729166666666667 0.721 0.0375 0.0515
1 0.3878333333333333 0.691 0.033666666666666664 0.0445
1 0.49825 0.511125 0.03783333333333333 0.05725
0 0.7168333333333333 0.13325 0.03933333333333333 0.056
0 0.7015 0.16525 0.03933333333333333 0.056
0 0.6855 0.19175 0.03933333333333333 0.056
0 0.6386666666666667 0.26925 0.03933333333333333 0.056
0 0.609 0.3225 0.03933333333333333 0.056
0 0.5925 0.35075 0.03933333333333333 0.056
0 0.579 0.3765 0.03933333333333333 0.056
0 0.5618333333333333 0.40225 0.03933333333333333 0.056
0 0.547 0.42875 0.03933333333333333 0.056
0 0.5293333333333333 0.457 0.03933333333333333 0.056
0 0.5158333333333334 0.47825 0.03933333333333333 0.056
0 0.48325 0.539 0.03216666666666667 0.046
0 0.4678333333333333 0.562 0.03933333333333333 0.056
0 0.453 0.5885 0.03933333333333333 0.056
0 0.43816666666666665 0.615 0.03933333333333333 0.056
0 0.4221666666666667 0.6425 0.03933333333333333 0.056
0 0.40725 0.66525 0.0385 0.053
0 0.3580833333333333 0.74625 0.0385 0.053
0 0.27416666666666667 0.796375 0.03166666666666667 0.06625
0 0.2579166666666667 0.79 0.0335 0.0665
0 0.23958333333333334 0.7835 0.0335 0.0665
0 0.22358333333333333 0.77975 0.0335 0.0665
0 0.20825 0.7725 0.0335 0.0665
0 0.18991666666666668 0.76425 0.0335 0.0665
0 0.17575 0.756 0.0335 0.0665
0 0.16041666666666668 0.75125 0.0335 0.0665
0 0.13975 0.743 0.0335 0.0665
0 0.12558333333333332 0.73575 0.0335 0.0665
0 0.10841666666666666 0.72925 0.0335 0.0665
0 0.09191666666666666 0.72275 0.0335 0.0665
0 0.07708333333333334 0.7145 0.0335 0.0665
0 0.057583333333333334 0.70725 0.0335 0.0665
0 0.04158333333333333 0.69625 0.0335 0.0665
0 0.025583333333333333 0.68725 0.0335 0.0665
0 0.012416666666666666 0.679625 0.024833333333333332 0.06075
