0 0.5594166666666667 0.488 0.0515 0.0995
2 0.27725 0.667625 0.0585 0.10325
0 0.30925 0.64925 0.0515 0.0995
0 0.33808333333333335 0.6305 0.0515 0.0995
0 0.36525 0.611 0.0515 0.0995
0 0.39358333333333334 0.59325 0.0515 0.0995
0 0.42125 0.57625 0.0515 0.0995
0 0.44958333333333333 0.556 0.0515 0.0995
0 0.47725 0.53725 0.0515 0.0995
0 0.50775 0.52025 0.0515 0.0995
0 0.53375 0.50575 0.0515 0.0995
0 0.5845833333333333 0.47275 0.0515 0.0995
0 0.6129166666666667 0.45675 0.0515 0.0995
0 0.63775 0.43975 0.0515 0.0995
0 0.6654166666666667 0.42375 0.0515 0.0995
0 0.6909166666666666 0.4085 0.0515 0.0995
0 0.7185833333333334 0.39325 0.0515 0.0995
0 0.7440833333333333 0.37975 0.0515 0.0995
0 0.76775 0.3645 0.0515 0.0995
0 0.7925833333333333 0.34675 0.0515 0.0995
0 0.8180833333333334 0.33575 0.0515 0.0995
0 0.8435833333333334 0.31625 0.0515 0.0995
0 0.8700833333333333 0.3095 0.0515 0.0995
0 0.89725 0.29425 0.0515 0.0995
