0 0.36291666666666667 0.5465 0.0775 0.168
1 0.5108333333333334 0.490125 0.07466666666666667 0.16375
0 0.8350833333333333 0.906 0.10583333333333333 0.1265
0 0.8095833333333333 0.82025 0.10583333333333333 0.1265
0 0.78925 0.73625 0.10583333333333333 0.1265
0 0.7635 0.65 0.10233333333333333 0.126
0 0.050333333333333334 0.686 0.08133333333333333 0.1705
0 0.08883333333333333 0.67 0.08133333333333333 0.1705
0 0.12825 0.647 0.08183333333333333 0.174
0 0.16791666666666666 0.62925 0.08183333333333333 0.174
0 0.20425 0.61325 0.08183333333333333 0.174
0 0.24508333333333332 0.59725 0.08183333333333333 0.174
0 0.28241666666666665 0.58025 0.08183333333333333 0.174
0 0.31925 0.56075 0.08183333333333333 0.174
0 0.39675 0.531 0.08183333333333333 0.174
0 0.4295833333333333 0.515 0.08183333333333333 0.174
0 0.5763333333333334 0.45925 0.077 0.1685
0 0.6114166666666667 0.4445 0.07483333333333334 0.166
