0 0.3313333333333333 0.7825 0.03933333333333333 0.056
0 0.377 0.70325 0.04133333333333333 0.058
0 0.34591666666666665 0.755625 0.03816666666666667 0.05525
1 0.6269166666666667 0.27875 0.0375 0.0515
1 0.612 0.30875 0.033666666666666664 0.0445
1 0.5015833333333334 0.488625 0.03783333333333333 0.05725
0 0.283 0.8665 0.03933333333333333 0.056
0 0.29833333333333334 0.8345 0.03933333333333333 0.056
0 0.31433333333333335 0.808 0.03933333333333333 0.056
0 0.3611666666666667 0.7305 0.03933333333333333 0.056
0 0.3908333333333333 0.67725 0.03933333333333333 0.056
0 0.4073333333333333 0.649 0.03933333333333333 0.056
0 0.42083333333333334 0.62325 0.03933333333333333 0.056
0 0.438 0.5975 0.03933333333333333 0.056
0 0.4528333333333333 0.571 0.03933333333333333 0.056
0 0.4705 0.54275 0.03933333333333333 0.056
0 0.484 0.5215 0.03933333333333333 0.056
0 0.5165833333333333 0.46075 0.03216666666666667 0.046
0 0.532 0.43775 0.03933333333333333 0.056
0 0.5468333333333333 0.41125 0.03933333333333333 0.056
0 0.5616666666666666 0.38475 0.03933333333333333 0.056
0 0.5776666666666667 0.35725 0.03933333333333333 0.056
0 0.5925833333333334 0.3345 0.0385 0.053
0 0.64175 0.2535 0.0385 0.053
0 0.7256666666666667 0.203375 0.03166666666666667 0.06625
0 0.7419166666666667 0.20975 0.0335 0.0665
0 0.76025 0.21625 0.0335 0.0665
0 0.77625 0.22 0.0335 0.0665
0 0.7915833333333333 0.22725 0.0335 0.0665
0 0.8099166666666666 0.2355 0.0335 0.0665
0 0.8240833333333333 0.24375 0.0335 0.0665
0 0.8394166666666667 0.2485 0.0335 0.0665
0 0.8600833333333333 0.25675 0.0335 0.0665
0 0.87425 0.264 0.0335 0.0665
0 0.8914166666666666 0.2705 0.0335 0.0665
0 0.9079166666666667 0.277 0.0335 0.0665
0 0.92275 0.28525 0.0335 0.0665
0 0.94225 0.2925 0.0335 0.0665
0 0.95825 0.3035 0.0335 0.0665
0 0.97425 0.3125 0.0335 0.0665
0 0.9875833333333334 0.320125 0.024833333333333332 0.06075
