0 0.6124166666666667 0.5615 0.0475 0.1235
1 0.5230833333333333 0.537375 0.0415 0.12775
0 0.7889166666666667 0.610375 0.0675 0.12075
0 0.7461666666666666 0.600125 0.050333333333333334 0.11825
0 0.7133333333333334 0.589375 0.050333333333333334 0.11825
0 0.6808333333333333 0.579625 0.050333333333333334 0.11825
0 0.6485 0.569375 0.050333333333333334 0.11825
0 0.5821666666666667 0.552625 0.050333333333333334 0.11825
0 0.55 0.543125 0.050333333333333334 0.11825
0 0.48683333333333334 0.526625 0.050333333333333334 0.11825
0 0.4558333333333333 0.518125 0.050333333333333334 0.11825
0 0.42433333333333334 0.513375 0.050333333333333334 0.11825
0 0.3938333333333333 0.502125 0.050333333333333334 0.11825
0 0.363 0.496875 0.050333333333333334 0.11825
0 0.3315 0.490375 0.050333333333333334 0.11825
0 0.30233333333333334 0.481625 0.050666666666666665 0.11275
0 0.27266666666666667 0.476125 0.050666666666666665 0.11275
0 0.24216666666666667 0.469875 0.050666666666666665 0.11275
0 0.2125 0.461625 0.050666666666666665 0.11275
0 0.18333333333333332 0.457875 0.050666666666666665 0.11275
0 0.155 0.451125 0.050666666666666665 0.11275
0 0.12616666666666668 0.446625 0.050666666666666665 0.11275
0 0.09791666666666667 0.441125 0.0505 0.10825
0 0.06891666666666667 0.437375 0.0505 0.10825
