0 0.3313333333333333 0.21725 0.03933333333333333 0.056
0 0.377 0.2965 0.04133333333333333 0.058
0 0.34591666666666665 0.244125 0.03816666666666667 0.05525
1 0.6269166666666667 0.721 0.0375 0.0515
1 0.612 0.691 0.033666666666666664 0.0445
1 0.5015833333333334 0.511125 0.03783333333333333 0.05725
0 0.283 0.13325 0.03933333333333333 0.056
0 0.29833333333333334 0.16525 0.03933333333333333 0.056
0 0.31433333333333335 0.19175 0.03933333333333333 0.056
0 0.3611666666666667 0.26925 0.03933333333333333 0.056
0 0.3908333333333333 0.3225 0.03933333333333333 0.056
0 0.4073333333333333 0.35075 0.03933333333333333 0.056
0 0.42083333333333334 0.3765 0.03933333333333333 0.056
0 0.438 0.40225 0.03933333333333333 0.056
0 0.4528333333333333 0.42875 0.03933333333333333 0.056
0 0.4705 0.457 0.03933333333333333 0.056
0 0.484 0.47825 0.03933333333333333 0.056
0 0.5165833333333333 0.539 0.03216666666666667 0.046
0 0.532 0.562 0.03933333333333333 0.056
0 0.5468333333333333 0.5885 0.03933333333333333 0.056
0 0.5616666666666666 0.615 0.03933333333333333 0.056
0 0.5776666666666667 0.6425 0.03933333333333333 0.056
0 0.5925833333333334 0.66525 0.0385 0.053
0 0.64175 0.74625 0.0385 0.053
0 0.7256666666666667 0.796375 0.03166666666666667 0.06625
0 0.7419166666666667 0.79 0.0335 0.0665
0 0.76025 0.7835 0.0335 0.0665
0 0.77625 0.77975 0.0335 0.0665
0 0.7915833333333333 0.7725 0.0335 0.0665
0 0.8099166666666666 0.76425 0.0335 0.0665
0 0.8240833333333333 0.756 0.0335 0.0665
0 0.8394166666666667 0.75125 0.0335 0.0665
0 0.8600833333333333 0.743 0.0335 0.0665
0 0.87425 0.73575 0.0335 0.0665
0 0.8914166666666666 0.72925 0.0335 0.0665
0 0.9079166666666667 0.72275 0.0335 0.0665
0 0.92275 0.7145 0.0335 0.0665
0 0.94225 0.70725 0.0335 0.0665
0 0.95825 0.69625 0.0335 0.0665
0 0.97425 0.68725 0.0335 0.0665
0 0.9875833333333334 0.679625 0.024833333333333332 0.06075
