0 0.5164166666666666 0.65125 0.059833333333333336 0.058
0 0.52475 0.696125 0.0575 0.05625
1 0.49733333333333335 0.5635 0.051333333333333335 0.0455
1 0.48525 0.464375 0.059166666666666666 0.05175
0 0.5324166666666666 0.743875 0.0575 0.05625
0 0.5394166666666667 0.792375 0.0575 0.05625
0 0.54725 0.839625 0.0575 0.05625
0 0.55475 0.885375 0.0575 0.05625
0 0.56225 0.932625 0.0575 0.05625
0 0.569 0.976625 0.056 0.04625
0 0.51075 0.6065 0.059833333333333336 0.058
0 0.4959166666666667 0.515 0.059833333333333336 0.058
0 0.48075 0.4195 0.059833333333333336 0.058
0 0.47258333333333336 0.37375 0.059833333333333336 0.058
0 0.46491666666666664 0.327 0.059833333333333336 0.058
0 0.45558333333333334 0.27975 0.05683333333333333 0.0535
0 0.44816666666666666 0.232625 0.057 0.05625
0 0.38816666666666666 0.057625 0.051666666666666666 0.08075
0 0.372 0.044375 0.051666666666666666 0.08075
0 0.35925 0.034625 0.050833333333333335 0.06925
