0 0.6423333333333333 0.502 0.04733333333333333 0.118
0 0.6715833333333333 0.49925 0.043833333333333335 0.1185
2 0.5795 0.51 0.043666666666666666 0.1185
2 0.77375 0.4875 0.06116666666666667 0.122
0 0.70325 0.49425 0.04683333333333333 0.1265
0 0.6115833333333334 0.5075 0.04683333333333333 0.1265
0 0.5499166666666667 0.512 0.04516666666666667 0.127
0 0.5205833333333333 0.51525 0.04683333333333333 0.1265
0 0.4900833333333333 0.5195 0.04683333333333333 0.1265
0 0.46325 0.52725 0.04683333333333333 0.1265
0 0.4315833333333333 0.528 0.04683333333333333 0.1265
0 0.40358333333333335 0.5305 0.04683333333333333 0.1265
0 0.37425 0.534 0.04683333333333333 0.1265
0 0.34375 0.5375 0.04683333333333333 0.1265
0 0.31575 0.53825 0.04683333333333333 0.1265
0 0.28825 0.54175 0.04683333333333333 0.1265
0 0.2554166666666667 0.539 0.04683333333333333 0.1265
0 0.22741666666666666 0.5415 0.04683333333333333 0.1265
0 0.20175 0.54225 0.04683333333333333 0.1265
0 0.17308333333333334 0.54575 0.04683333333333333 0.1265
0 0.14375 0.550625 0.04416666666666667 0.11975
0 0.11575 0.546875 0.04416666666666667 0.11975
0 0.09241666666666666 0.544875 0.04416666666666667 0.11975
