0 0.3396666666666667 0.7425 0.04766666666666667 0.071
1 0.48175 0.548875 0.04516666666666667 0.06525
0 0.17191666666666666 0.970875 0.04616666666666667 0.05775
0 0.19816666666666666 0.9455 0.04766666666666667 0.071
0 0.22133333333333333 0.91 0.04766666666666667 0.071
0 0.245 0.877 0.04766666666666667 0.071
0 0.2693333333333333 0.843 0.04766666666666667 0.071
0 0.292 0.81075 0.04766666666666667 0.071
0 0.31633333333333336 0.776 0.04766666666666667 0.071
0 0.3626666666666667 0.7055 0.04766666666666667 0.071
0 0.3863333333333333 0.67575 0.04766666666666667 0.071
0 0.41 0.641 0.04766666666666667 0.071
0 0.43316666666666664 0.61125 0.04766666666666667 0.071
0 0.45516666666666666 0.573 0.04766666666666667 0.071
0 0.506 0.511 0.04766666666666667 0.071
0 0.5291666666666667 0.47975 0.04766666666666667 0.071
0 0.5511666666666667 0.451 0.04766666666666667 0.071
0 0.5743333333333334 0.41725 0.04766666666666667 0.071
0 0.597 0.385 0.04766666666666667 0.071
