0 0.4930833333333333 0.507375 0.041166666666666664 0.09025
1 0.40191666666666664 0.56575 0.0345 0.098
0 0.9378333333333333 0.243125 0.05433333333333333 0.09725
0 0.9074166666666666 0.258625 0.043833333333333335 0.09275
0 0.8805833333333334 0.273625 0.043833333333333335 0.09275
0 0.8530833333333333 0.292125 0.043833333333333335 0.09275
0 0.8244166666666667 0.309875 0.043833333333333335 0.09275
0 0.7980833333333334 0.324875 0.043833333333333335 0.09275
0 0.7724166666666666 0.341625 0.043833333333333335 0.09275
0 0.7455833333333334 0.355625 0.043833333333333335 0.09275
0 0.7199166666666666 0.373375 0.043833333333333335 0.09275
0 0.6935833333333333 0.388375 0.043833333333333335 0.09275
0 0.6694166666666667 0.404375 0.043833333333333335 0.09275
0 0.6439166666666667 0.418375 0.043833333333333335 0.09275
0 0.6175833333333334 0.435125 0.043833333333333335 0.09275
0 0.5919166666666666 0.447375 0.043833333333333335 0.09275
0 0.5680833333333334 0.465125 0.043833333333333335 0.09275
0 0.54425 0.479125 0.043833333333333335 0.09275
0 0.5185833333333333 0.493125 0.043833333333333335 0.09275
0 0.47141666666666665 0.519625 0.043833333333333335 0.09275
0 0.4469166666666667 0.537375 0.043833333333333335 0.09275
0 0.35191666666666666 0.588875 0.043833333333333335 0.09275
0 0.23083333333333333 0.541125 0.04933333333333333 0.07225
0 0.20983333333333334 0.507125 0.04933333333333333 0.07225
0 0.18883333333333333 0.473125 0.04933333333333333 0.07225
0 0.16666666666666666 0.441625 0.04933333333333333 0.07225
0 0.147 0.409375 0.04933333333333333 0.07225
0 0.1225 0.374375 0.04933333333333333 0.07225
0 0.10333333333333333 0.342125 0.04933333333333333 0.07225
0 0.08416666666666667 0.309875 0.04933333333333333 0.07225
0 0.060833333333333336 0.277625 0.04933333333333333 0.07225
0 0.041166666666666664 0.243625 0.04933333333333333 0.07225
0 0.020416666666666666 0.211625 0.04083333333333333 0.06925
0 0.372 0.577 0.03966666666666667 0.0875
