2 0.15233333333333332 0.540875 0.09433333333333334 0.17375
2 0.27741666666666664 0.517875 0.0675 0.16625
2 0.3864166666666667 0.495875 0.0675 0.16625
2 0.49041666666666667 0.477375 0.0675 0.16625
2 0.7138333333333333 0.44275 0.06466666666666666 0.156
2 0.8589166666666667 0.4285 0.0625 0.1475
0 0.20266666666666666 0.53725 0.073 0.1695
0 0.24033333333333334 0.523 0.073 0.1695
0 0.55675 0.466125 0.07183333333333333 0.15675
0 0.5865833333333333 0.460125 0.07183333333333333 0.15325
0 0.6180833333333333 0.457625 0.07183333333333333 0.15325
0 0.6489166666666667 0.452625 0.07183333333333333 0.15325
0 0.7493333333333333 0.437375 0.052333333333333336 0.15875
0 0.7751666666666667 0.43825 0.05566666666666667 0.152
0 0.8033333333333333 0.434 0.05566666666666667 0.152
0 0.918 0.4255 0.05566666666666667 0.152
