2 0.5915833333333333 0.605125 0.04783333333333333 0.07175
2 0.7266666666666667 0.817125 0.055 0.08375
0 0.461 0.40575 0.04733333333333333 0.069
0 0.26958333333333334 0.122375 0.043833333333333335 0.07025
0 0.69925 0.77425 0.04516666666666667 0.0675
0 0.68 0.740125 0.049666666666666665 0.07325
0 0.659 0.705375 0.049666666666666665 0.07325
0 0.6368333333333334 0.671375 0.049666666666666665 0.07325
0 0.617 0.637375 0.049666666666666665 0.07325
0 0.5705 0.569625 0.049666666666666665 0.07325
0 0.5483333333333333 0.539125 0.049666666666666665 0.07325
0 0.5273333333333333 0.502625 0.049666666666666665 0.07325
0 0.5046666666666667 0.470375 0.049666666666666665 0.07325
0 0.48483333333333334 0.439125 0.049666666666666665 0.07325
0 0.44016666666666665 0.375625 0.049666666666666665 0.07325
0 0.418 0.343375 0.049666666666666665 0.07325
0 0.3965 0.309375 0.049666666666666665 0.07325
0 0.37666666666666665 0.282375 0.049666666666666665 0.07325
0 0.3556666666666667 0.246875 0.049666666666666665 0.07325
0 0.3335 0.217125 0.049666666666666665 0.07325
0 0.312 0.185875 0.049666666666666665 0.07325
0 0.291 0.153625 0.049666666666666665 0.07325
0 0.25083333333333335 0.094125 0.049666666666666665 0.07325
0 0.22766666666666666 0.062875 0.049666666666666665 0.07325
