0 0.4930268595041322 0.5806327160493827 0.06973140495867769 0.0625
0 0.5006456611570248 0.41608796296296297 0.0684400826446281 0.059027777777777776
0 0.5135588842975206 0.11246141975308642 0.06275826446280992 0.056712962962962965
2 0.5091683884297521 0.22318672839506173 0.06379132231404959 0.059799382716049385
2 0.506198347107438 0.2978395061728395 0.06663223140495868 0.05864197530864197
2 0.49509297520661155 0.5353009259259259 0.06973140495867769 0.06442901234567901
2 0.49083161157024796 0.6792052469135802 0.07153925619834711 0.08526234567901235
2 0.503099173553719 0.3738425925925926 0.06663223140495868 0.05864197530864197
2 0.5113636363636364 0.14776234567901234 0.06663223140495868 0.05864197530864197
0 0.515625 0.07966820987654322 0.06275826446280992 0.056712962962962965
0 0.4988378099173554 0.4525462962962963 0.0684400826446281 0.06018518518518518
0 0.4962551652892562 0.49382716049382713 0.0684400826446281 0.06018518518518518
0 0.5107179752066116 0.17978395061728394 0.06275826446280992 0.0470679012345679
