2 0.5915833333333333 0.394625 0.04783333333333333 0.07175
2 0.7266666666666667 0.182625 0.055 0.08375
0 0.461 0.594 0.04733333333333333 0.069
0 0.26958333333333334 0.877375 0.043833333333333335 0.07025
0 0.69925 0.2255 0.04516666666666667 0.0675
0 0.68 0.259625 0.049666666666666665 0.07325
0 0.659 0.294375 0.049666666666666665 0.07325
0 0.6368333333333334 0.328375 0.049666666666666665 0.07325
0 0.617 0.362375 0.049666666666666665 0.07325
0 0.5705 0.430125 0.049666666666666665 0.07325
0 0.5483333333333333 0.460625 0.049666666666666665 0.07325
0 0.5273333333333333 0.497125 0.049666666666666665 0.07325
0 0.5046666666666667 0.529375 0.049666666666666665 0.07325
0 0.48483333333333334 0.560625 0.049666666666666665 0.07325
0 0.44016666666666665 0.624125 0.049666666666666665 0.07325
0 0.418 0.656375 0.049666666666666665 0.07325
0 0.3965 0.690375 0.049666666666666665 0.07325
0 0.37666666666666665 0.717375 0.049666666666666665 0.07325
0 0.3556666666666667 0.752875 0.049666666666666665 0.07325
0 0.3335 0.782625 0.049666666666666665 0.07325
0 0.312 0.813875 0.049666666666666665 0.07325
0 0.291 0.846125 0.049666666666666665 0.07325
0 0.25083333333333335 0.905625 0.049666666666666665 0.07325
0 0.22766666666666666 0.936875 0.049666666666666665 0.07325
