0 0.326 0.563875 0.08566666666666667 0.17475
1 0.4845833333333333 0.4935 0.0945 0.1985
0 0.36566666666666664 0.539375 0.08566666666666667 0.17475
0 0.2815 0.589375 0.08566666666666667 0.17475
0 0.23666666666666666 0.615125 0.08566666666666667 0.17475
0 0.19166666666666668 0.644625 0.08566666666666667 0.17475
0 0.14833333333333334 0.670375 0.08566666666666667 0.17475
0 0.103 0.697625 0.08566666666666667 0.17475
0 0.052 0.727125 0.08566666666666667 0.17475
0 0.5785 0.424875 0.07566666666666666 0.16475
0 0.6166666666666667 0.407125 0.07566666666666666 0.16475
0 0.6535 0.384625 0.07566666666666666 0.16475
0 0.6948333333333333 0.367875 0.07566666666666666 0.16475
0 0.7316666666666667 0.348125 0.07566666666666666 0.16475
0 0.7680833333333333 0.32575 0.0735 0.159
0 0.80175 0.3105 0.0735 0.159
0 0.8404166666666667 0.2915 0.0735 0.159
0 0.8770833333333333 0.27375 0.0735 0.159
0 0.90825 0.2615 0.0735 0.159
0 0.94375 0.244 0.07383333333333333 0.1525
