0 0.326 0.435875 0.08566666666666667 0.17475
1 0.4845833333333333 0.50625 0.0945 0.1985
0 0.36566666666666664 0.460375 0.08566666666666667 0.17475
0 0.2815 0.410375 0.08566666666666667 0.17475
0 0.23666666666666666 0.384625 0.08566666666666667 0.17475
0 0.19166666666666668 0.355125 0.08566666666666667 0.17475
0 0.14833333333333334 0.329375 0.08566666666666667 0.17475
0 0.103 0.302125 0.08566666666666667 0.17475
0 0.052 0.272625 0.08566666666666667 0.17475
0 0.5785 0.574875 0.07566666666666666 0.16475
0 0.6166666666666667 0.592625 0.07566666666666666 0.16475
0 0.6535 0.615125 0.07566666666666666 0.16475
0 0.6948333333333333 0.631875 0.07566666666666666 0.16475
0 0.7316666666666667 0.651625 0.07566666666666666 0.16475
0 0.7680833333333333 0.674 0.0735 0.159
0 0.80175 0.68925 0.0735 0.159
0 0.8404166666666667 0.70825 0.0735 0.159
0 0.8770833333333333 0.726 0.0735 0.159
0 0.90825 0.73825 0.0735 0.159
0 0.94375 0.75575 0.07383333333333333 0.1525
