0 0.6738333333333333 0.563875 0.08566666666666667 0.17475
1 0.51525 0.4935 0.0945 0.1985
0 0.6341666666666667 0.539375 0.08566666666666667 0.17475
0 0.7183333333333334 0.589375 0.08566666666666667 0.17475
0 0.7631666666666667 0.615125 0.08566666666666667 0.17475
0 0.8081666666666667 0.644625 0.08566666666666667 0.17475
0 0.8515 0.670375 0.08566666666666667 0.17475
0 0.8968333333333334 0.697625 0.08566666666666667 0.17475
0 0.9478333333333333 0.727125 0.08566666666666667 0.17475
0 0.42133333333333334 0.424875 0.07566666666666666 0.16475
0 0.38316666666666666 0.407125 0.07566666666666666 0.16475
0 0.3463333333333333 0.384625 0.07566666666666666 0.16475
0 0.305 0.367875 0.07566666666666666 0.16475
0 0.26816666666666666 0.348125 0.07566666666666666 0.16475
0 0.23175 0.32575 0.0735 0.159
0 0.19808333333333333 0.3105 0.0735 0.159
0 0.15941666666666668 0.2915 0.0735 0.159
0 0.12275 0.27375 0.0735 0.159
0 0.09158333333333334 0.2615 0.0735 0.159
0 0.05608333333333333 0.244 0.07383333333333333 0.1525
