2 0.40825 0.394625 0.04783333333333333 0.07175
2 0.27316666666666667 0.182625 0.055 0.08375
0 0.5388333333333334 0.594 0.04733333333333333 0.069
0 0.73025 0.877375 0.043833333333333335 0.07025
0 0.3005833333333333 0.2255 0.04516666666666667 0.0675
0 0.31983333333333336 0.259625 0.049666666666666665 0.07325
0 0.3408333333333333 0.294375 0.049666666666666665 0.07325
0 0.363 0.328375 0.049666666666666665 0.07325
0 0.38283333333333336 0.362375 0.049666666666666665 0.07325
0 0.42933333333333334 0.430125 0.049666666666666665 0.07325
0 0.4515 0.460625 0.049666666666666665 0.07325
0 0.4725 0.497125 0.049666666666666665 0.07325
0 0.49516666666666664 0.529375 0.049666666666666665 0.07325
0 0.515 0.560625 0.049666666666666665 0.07325
0 0.5596666666666666 0.624125 0.049666666666666665 0.07325
0 0.5818333333333333 0.656375 0.049666666666666665 0.07325
0 0.6033333333333334 0.690375 0.049666666666666665 0.07325
0 0.6231666666666666 0.717375 0.049666666666666665 0.07325
0 0.6441666666666667 0.752875 0.049666666666666665 0.07325
0 0.6663333333333333 0.782625 0.049666666666666665 0.07325
0 0.6878333333333333 0.813875 0.049666666666666665 0.07325
0 0.7088333333333333 0.846125 0.049666666666666665 0.07325
0 0.749 0.905625 0.049666666666666665 0.07325
0 0.7721666666666667 0.936875 0.049666666666666665 0.07325
