2 0.40825 0.605125 0.04783333333333333 0.07175
2 0.27316666666666667 0.817125 0.055 0.08375
0 0.5388333333333334 0.40575 0.04733333333333333 0.069
0 0.73025 0.122375 0.043833333333333335 0.07025
0 0.3005833333333333 0.77425 0.04516666666666667 0.0675
0 0.31983333333333336 0.740125 0.049666666666666665 0.07325
0 0.3408333333333333 0.705375 0.049666666666666665 0.07325
0 0.363 0.671375 0.049666666666666665 0.07325
0 0.38283333333333336 0.637375 0.049666666666666665 0.07325
0 0.42933333333333334 0.569625 0.049666666666666665 0.07325
0 0.4515 0.539125 0.049666666666666665 0.07325
0 0.4725 0.502625 0.049666666666666665 0.07325
0 0.49516666666666664 0.470375 0.049666666666666665 0.07325
0 0.515 0.439125 0.049666666666666665 0.07325
0 0.5596666666666666 0.375625 0.049666666666666665 0.07325
0 0.5818333333333333 0.343375 0.049666666666666665 0.07325
0 0.6033333333333334 0.309375 0.049666666666666665 0.07325
0 0.6231666666666666 0.282375 0.049666666666666665 0.07325
0 0.6441666666666667 0.246875 0.049666666666666665 0.07325
0 0.6663333333333333 0.217125 0.049666666666666665 0.07325
0 0.6878333333333333 0.185875 0.049666666666666665 0.07325
0 0.7088333333333333 0.153625 0.049666666666666665 0.07325
0 0.749 0.094125 0.049666666666666665 0.07325
0 0.7721666666666667 0.062875 0.049666666666666665 0.07325
