0 0.4930268595041322 0.41898148148148145 0.06973140495867769 0.0625
0 0.5006456611570248 0.5835262345679012 0.0684400826446281 0.059027777777777776
0 0.5135588842975206 0.8871527777777778 0.06275826446280992 0.056712962962962965
2 0.5091683884297521 0.7764274691358025 0.06379132231404959 0.059799382716049385
2 0.506198347107438 0.7017746913580247 0.06663223140495868 0.05864197530864197
2 0.49509297520661155 0.4643132716049383 0.06973140495867769 0.06442901234567901
2 0.49083161157024796 0.32040895061728397 0.07153925619834711 0.08526234567901235
2 0.503099173553719 0.6257716049382716 0.06663223140495868 0.05864197530864197
2 0.5113636363636364 0.8518518518518519 0.06663223140495868 0.05864197530864197
0 0.515625 0.919945987654321 0.06275826446280992 0.056712962962962965
0 0.4988378099173554 0.5470679012345679 0.0684400826446281 0.06018518518518518
0 0.4962551652892562 0.5057870370370371 0.0684400826446281 0.06018518518518518
0 0.5107179752066116 0.8198302469135802 0.06275826446280992 0.0470679012345679
