0 0.5067148760330579 0.5806327160493827 0.06973140495867769 0.0625
0 0.4990960743801653 0.41608796296296297 0.0684400826446281 0.059027777777777776
0 0.4861828512396694 0.11246141975308642 0.06275826446280992 0.056712962962962965
2 0.490573347107438 0.22318672839506173 0.06379132231404959 0.059799382716049385
2 0.49354338842975204 0.2978395061728395 0.06663223140495868 0.05864197530864197
2 0.5046487603305785 0.5353009259259259 0.06973140495867769 0.06442901234567901
2 0.5089101239669421 0.6792052469135802 0.07153925619834711 0.08526234567901235
2 0.49664256198347106 0.3738425925925926 0.06663223140495868 0.05864197530864197
2 0.48837809917355374 0.14776234567901234 0.06663223140495868 0.05864197530864197
0 0.4841167355371901 0.07966820987654322 0.06275826446280992 0.056712962962962965
0 0.5009039256198347 0.4525462962962963 0.0684400826446281 0.06018518518518518
0 0.5034865702479339 0.49382716049382713 0.0684400826446281 0.06018518518518518
0 0.48902376033057854 0.17978395061728394 0.06275826446280992 0.0470679012345679
