0 0.6738333333333333 0.435875 0.08566666666666667 0.17475
1 0.51525 0.50625 0.0945 0.1985
0 0.6341666666666667 0.460375 0.08566666666666667 0.17475
0 0.7183333333333334 0.410375 0.08566666666666667 0.17475
0 0.7631666666666667 0.384625 0.08566666666666667 0.17475
0 0.8081666666666667 0.355125 0.08566666666666667 0.17475
0 0.8515 0.329375 0.08566666666666667 0.17475
0 0.8968333333333334 0.302125 0.08566666666666667 0.17475
0 0.9478333333333333 0.272625 0.08566666666666667 0.17475
0 0.42133333333333334 0.574875 0.07566666666666666 0.16475
0 0.38316666666666666 0.592625 0.07566666666666666 0.16475
0 0.3463333333333333 0.615125 0.07566666666666666 0.16475
0 0.305 0.631875 0.07566666666666666 0.16475
0 0.26816666666666666 0.651625 0.07566666666666666 0.16475
0 0.23175 0.674 0.0735 0.159
0 0.19808333333333333 0.68925 0.0735 0.159
0 0.15941666666666668 0.70825 0.0735 0.159
0 0.12275 0.726 0.0735 0.159
0 0.09158333333333334 0.73825 0.0735 0.159
0 0.05608333333333333 0.75575 0.07383333333333333 0.1525
