0 0.6465650826446281 0.5756172839506173 0.10872933884297521 0.2523148148148148
1 0.47288223140495866 0.6267361111111112 0.10640495867768596 0.24498456790123457
0 0.03835227272727273 0.746141975308642 0.07670454545454546 0.2523148148148148
0 0.11221590909090909 0.7204861111111112 0.11699380165289257 0.24498456790123457
0 0.2028667355371901 0.6942515432098766 0.11699380165289257 0.24498456790123457
0 0.2924845041322314 0.6734182098765432 0.11699380165289257 0.24498456790123457
0 0.37848657024793386 0.6491126543209876 0.11699380165289257 0.24498456790123457
0 0.5628873966942148 0.6008873456790124 0.11699380165289257 0.24498456790123457
0 0.7392820247933884 0.5542052469135802 0.11699380165289257 0.24498456790123457
0 0.8265754132231405 0.5349151234567902 0.11699380165289257 0.24498456790123457
0 0.9195506198347108 0.515625 0.11699380165289257 0.24498456790123457
0 0.9491219008264463 0.7723765432098766 0.10175619834710743 0.24305555555555555
0 0.8684142561983471 0.7937885802469136 0.11699380165289257 0.24498456790123457
0 0.7862861570247934 0.8173225308641975 0.11699380165289257 0.24498456790123457
0 0.6894369834710744 0.8373842592592593 0.11699380165289257 0.24498456790123457
0 0.6086002066115702 0.857445987654321 0.11699380165289257 0.24498456790123457
0 0.5184659090909091 0.8771219135802469 0.11699380165289257 0.24498456790123457
0 0.42536157024793386 0.8919753086419753 0.11621900826446281 0.2152777777777778
0 0.34026342975206614 0.9029706790123457 0.11286157024793389 0.19328703703703703
0 0.25400309917355374 0.9141589506172839 0.10769628099173553 0.1709104938271605
