0 0.353176652892562 0.42399691358024694 0.10872933884297521 0.2523148148148148
1 0.5268595041322314 0.37287808641975306 0.10640495867768596 0.24498456790123457
0 0.9613894628099173 0.2534722222222222 0.07670454545454546 0.2523148148148148
0 0.887525826446281 0.27912808641975306 0.11699380165289257 0.24498456790123457
0 0.796875 0.30536265432098764 0.11699380165289257 0.24498456790123457
0 0.7072572314049587 0.326195987654321 0.11699380165289257 0.24498456790123457
0 0.6212551652892562 0.35050154320987653 0.11699380165289257 0.24498456790123457
0 0.4368543388429752 0.39872685185185186 0.11699380165289257 0.24498456790123457
0 0.26045971074380164 0.44540895061728397 0.11699380165289257 0.24498456790123457
0 0.17316632231404958 0.46469907407407407 0.11699380165289257 0.24498456790123457
0 0.08019111570247933 0.4839891975308642 0.11699380165289257 0.24498456790123457
0 0.050878099173553716 0.22723765432098766 0.10175619834710743 0.24305555555555555
0 0.13132747933884298 0.20582561728395063 0.11699380165289257 0.24498456790123457
0 0.2134555785123967 0.18229166666666666 0.11699380165289257 0.24498456790123457
0 0.3103047520661157 0.16222993827160495 0.11699380165289257 0.24498456790123457
0 0.3911415289256198 0.14216820987654322 0.11699380165289257 0.24498456790123457
0 0.481275826446281 0.12249228395061729 0.11699380165289257 0.24498456790123457
0 0.5743801652892562 0.1076388888888889 0.11621900826446281 0.2152777777777778
0 0.659478305785124 0.09664351851851852 0.11286157024793389 0.19328703703703703
0 0.7457386363636364 0.08545524691358025 0.10769628099173553 0.1709104938271605
