0 0.353176652892562 0.5756172839506173 0.10872933884297521 0.2523148148148148
1 0.5268595041322314 0.6267361111111112 0.10640495867768596 0.24498456790123457
0 0.9613894628099173 0.746141975308642 0.07670454545454546 0.2523148148148148
0 0.887525826446281 0.7204861111111112 0.11699380165289257 0.24498456790123457
0 0.796875 0.6942515432098766 0.11699380165289257 0.24498456790123457
0 0.7072572314049587 0.6734182098765432 0.11699380165289257 0.24498456790123457
0 0.6212551652892562 0.6491126543209876 0.11699380165289257 0.24498456790123457
0 0.4368543388429752 0.6008873456790124 0.11699380165289257 0.24498456790123457
0 0.26045971074380164 0.5542052469135802 0.11699380165289257 0.24498456790123457
0 0.17316632231404958 0.5349151234567902 0.11699380165289257 0.24498456790123457
0 0.08019111570247933 0.515625 0.11699380165289257 0.24498456790123457
0 0.050878099173553716 0.7723765432098766 0.10175619834710743 0.24305555555555555
0 0.13132747933884298 0.7937885802469136 0.11699380165289257 0.24498456790123457
0 0.2134555785123967 0.8173225308641975 0.11699380165289257 0.24498456790123457
0 0.3103047520661157 0.8373842592592593 0.11699380165289257 0.24498456790123457
0 0.3911415289256198 0.857445987654321 0.11699380165289257 0.24498456790123457
0 0.481275826446281 0.8771219135802469 0.11699380165289257 0.24498456790123457
0 0.5743801652892562 0.8919753086419753 0.11621900826446281 0.2152777777777778
0 0.659478305785124 0.9029706790123457 0.11286157024793389 0.19328703703703703
0 0.7457386363636364 0.9141589506172839 0.10769628099173553 0.1709104938271605
