0 0.6465650826446281 0.42399691358024694 0.10872933884297521 0.2523148148148148
1 0.47288223140495866 0.37287808641975306 0.10640495867768596 0.24498456790123457
0 0.03835227272727273 0.2534722222222222 0.07670454545454546 0.2523148148148148
0 0.11221590909090909 0.27912808641975306 0.11699380165289257 0.24498456790123457
0 0.2028667355371901 0.30536265432098764 0.11699380165289257 0.24498456790123457
0 0.2924845041322314 0.326195987654321 0.11699380165289257 0.24498456790123457
0 0.37848657024793386 0.35050154320987653 0.11699380165289257 0.24498456790123457
0 0.5628873966942148 0.39872685185185186 0.11699380165289257 0.24498456790123457
0 0.7392820247933884 0.44540895061728397 0.11699380165289257 0.24498456790123457
0 0.8265754132231405 0.46469907407407407 0.11699380165289257 0.24498456790123457
0 0.9195506198347108 0.4839891975308642 0.11699380165289257 0.24498456790123457
0 0.9491219008264463 0.22723765432098766 0.10175619834710743 0.24305555555555555
0 0.8684142561983471 0.20582561728395063 0.11699380165289257 0.24498456790123457
0 0.7862861570247934 0.18229166666666666 0.11699380165289257 0.24498456790123457
0 0.6894369834710744 0.16222993827160495 0.11699380165289257 0.24498456790123457
0 0.6086002066115702 0.14216820987654322 0.11699380165289257 0.24498456790123457
0 0.5184659090909091 0.12249228395061729 0.11699380165289257 0.24498456790123457
0 0.42536157024793386 0.1076388888888889 0.11621900826446281 0.2152777777777778
0 0.34026342975206614 0.09664351851851852 0.11286157024793389 0.19328703703703703
0 0.25400309917355374 0.08545524691358025 0.10769628099173553 0.1709104938271605
