0 0.6151859504132231 0.6257716049382716 0.07179752066115702 0.12191358024691358
1 0.48837809917355374 0.49537037037037035 0.06559917355371901 0.11959876543209877
0 0.8347107438016529 0.8410493827160493 0.07179752066115702 0.12191358024691358
0 0.8321280991735537 0.8449074074074074 0.07179752066115702 0.12191358024691358
0 0.7737603305785123 0.7800925925925926 0.07179752066115702 0.12191358024691358
0 0.7417355371900827 0.7465277777777778 0.07179752066115702 0.12191358024691358
0 0.7107438016528925 0.7179783950617284 0.07179752066115702 0.12191358024691358
0 0.6797520661157025 0.6851851851851852 0.07179752066115702 0.12191358024691358
0 0.6464359504132231 0.654320987654321 0.07179752066115702 0.12191358024691358
0 0.5836776859504132 0.59375 0.07179752066115702 0.12191358024691358
0 0.5550103305785123 0.5652006172839507 0.07179752066115702 0.12191358024691358
0 0.45635330578512395 0.46296296296296297 0.07179752066115702 0.12191358024691358
0 0.42355371900826444 0.42939814814814814 0.07179752066115702 0.12191358024691358
0 0.39359504132231404 0.3900462962962963 0.07179752066115702 0.12191358024691358
0 0.3582128099173554 0.3584104938271605 0.07386363636363637 0.12191358024691358
