0 0.6151859504132231 0.3738425925925926 0.07179752066115702 0.12191358024691358
1 0.48837809917355374 0.5042438271604939 0.06559917355371901 0.11959876543209877
0 0.8347107438016529 0.15856481481481483 0.07179752066115702 0.12191358024691358
0 0.8321280991735537 0.15470679012345678 0.07179752066115702 0.12191358024691358
0 0.7737603305785123 0.2195216049382716 0.07179752066115702 0.12191358024691358
0 0.7417355371900827 0.25308641975308643 0.07179752066115702 0.12191358024691358
0 0.7107438016528925 0.2816358024691358 0.07179752066115702 0.12191358024691358
0 0.6797520661157025 0.314429012345679 0.07179752066115702 0.12191358024691358
0 0.6464359504132231 0.3452932098765432 0.07179752066115702 0.12191358024691358
0 0.5836776859504132 0.4058641975308642 0.07179752066115702 0.12191358024691358
0 0.5550103305785123 0.43441358024691357 0.07179752066115702 0.12191358024691358
0 0.45635330578512395 0.5366512345679012 0.07179752066115702 0.12191358024691358
0 0.42355371900826444 0.5702160493827161 0.07179752066115702 0.12191358024691358
0 0.39359504132231404 0.6095679012345679 0.07179752066115702 0.12191358024691358
0 0.3582128099173554 0.6412037037037037 0.07386363636363637 0.12191358024691358
