0 0.38455578512396693 0.3738425925925926 0.07179752066115702 0.12191358024691358
1 0.5113636363636364 0.5042438271604939 0.06559917355371901 0.11959876543209877
0 0.1650309917355372 0.15856481481481483 0.07179752066115702 0.12191358024691358
0 0.16761363636363635 0.15470679012345678 0.07179752066115702 0.12191358024691358
0 0.2259814049586777 0.2195216049382716 0.07179752066115702 0.12191358024691358
0 0.2580061983471074 0.25308641975308643 0.07179752066115702 0.12191358024691358
0 0.2889979338842975 0.2816358024691358 0.07179752066115702 0.12191358024691358
0 0.3199896694214876 0.314429012345679 0.07179752066115702 0.12191358024691358
0 0.35330578512396693 0.3452932098765432 0.07179752066115702 0.12191358024691358
0 0.41606404958677684 0.4058641975308642 0.07179752066115702 0.12191358024691358
0 0.4447314049586777 0.43441358024691357 0.07179752066115702 0.12191358024691358
0 0.5433884297520661 0.5366512345679012 0.07179752066115702 0.12191358024691358
0 0.5761880165289256 0.5702160493827161 0.07179752066115702 0.12191358024691358
0 0.606146694214876 0.6095679012345679 0.07179752066115702 0.12191358024691358
0 0.6415289256198347 0.6412037037037037 0.07386363636363637 0.12191358024691358
