0 0.38455578512396693 0.6257716049382716 0.07179752066115702 0.12191358024691358
1 0.5113636363636364 0.49537037037037035 0.06559917355371901 0.11959876543209877
0 0.1650309917355372 0.8410493827160493 0.07179752066115702 0.12191358024691358
0 0.16761363636363635 0.8449074074074074 0.07179752066115702 0.12191358024691358
0 0.2259814049586777 0.7800925925925926 0.07179752066115702 0.12191358024691358
0 0.2580061983471074 0.7465277777777778 0.07179752066115702 0.12191358024691358
0 0.2889979338842975 0.7179783950617284 0.07179752066115702 0.12191358024691358
0 0.3199896694214876 0.6851851851851852 0.07179752066115702 0.12191358024691358
0 0.35330578512396693 0.654320987654321 0.07179752066115702 0.12191358024691358
0 0.41606404958677684 0.59375 0.07179752066115702 0.12191358024691358
0 0.4447314049586777 0.5652006172839507 0.07179752066115702 0.12191358024691358
0 0.5433884297520661 0.46296296296296297 0.07179752066115702 0.12191358024691358
0 0.5761880165289256 0.42939814814814814 0.07179752066115702 0.12191358024691358
0 0.606146694214876 0.3900462962962963 0.07179752066115702 0.12191358024691358
0 0.6415289256198347 0.3584104938271605 0.07386363636363637 0.12191358024691358
