0 0.5572055785123967 0.6782407407407407 0.09271694214876033 0.12268518518518519
1 0.44950929752066116 0.7276234567901234 0.07308884297520661 0.11342592592592593
0 0.37048037190082644 0.519483024691358 0.08961776859504132 0.11535493827160494
0 0.4848915289256198 0.5067515432098766 0.09271694214876033 0.11766975308641975
0 0.38830061983471076 0.5623070987654321 0.08961776859504132 0.11535493827160494
0 0.406120867768595 0.6035879629629629 0.08961776859504132 0.11535493827160494
0 0.42394111570247933 0.6456404320987654 0.08961776859504132 0.11535493827160494
0 0.44176136363636365 0.6892361111111112 0.08961776859504132 0.11535493827160494
0 0.478176652892562 0.7731481481481481 0.09065082644628099 0.12422839506172839
0 0.4990960743801653 0.8209876543209876 0.09065082644628099 0.12422839506172839
0 0.5171745867768595 0.8649691358024691 0.09065082644628099 0.12422839506172839
0 0.5355113636363636 0.904320987654321 0.09065082644628099 0.12422839506172839
0 0.5552685950413223 0.9421296296296297 0.09245867768595041 0.11574074074074074
0 0.5042613636363636 0.5503472222222222 0.09271694214876033 0.11766975308641975
0 0.5213068181818182 0.5893132716049383 0.09271694214876033 0.11766975308641975
0 0.5399018595041323 0.6317515432098766 0.09271694214876033 0.11766975308641975
0 0.578125 0.7150848765432098 0.09271694214876033 0.11766975308641975
0 0.5959452479338843 0.7586805555555556 0.09271694214876033 0.11766975308641975
0 0.6145402892561983 0.7999614197530864 0.09271694214876033 0.11766975308641975
0 0.6331353305785123 0.8412422839506173 0.09271694214876033 0.11766975308641975
0 0.6509555785123967 0.8825231481481481 0.09271694214876033 0.11766975308641975
0 0.6652892561983471 0.9243827160493827 0.07799586776859505 0.11419753086419752
