0 0.4425361570247934 0.32137345679012347 0.09271694214876033 0.12268518518518519
1 0.5502324380165289 0.27199074074074076 0.07308884297520661 0.11342592592592593
0 0.6292613636363636 0.4801311728395062 0.08961776859504132 0.11535493827160494
0 0.5148502066115702 0.49286265432098764 0.09271694214876033 0.11766975308641975
0 0.6114411157024794 0.4373070987654321 0.08961776859504132 0.11535493827160494
0 0.593620867768595 0.39602623456790126 0.08961776859504132 0.11535493827160494
0 0.5758006198347108 0.35397376543209874 0.08961776859504132 0.11535493827160494
0 0.5579803719008265 0.31037808641975306 0.08961776859504132 0.11535493827160494
0 0.5215650826446281 0.22646604938271606 0.09065082644628099 0.12422839506172839
0 0.5006456611570248 0.17862654320987653 0.09065082644628099 0.12422839506172839
0 0.4825671487603306 0.13464506172839505 0.09065082644628099 0.12422839506172839
0 0.46423037190082644 0.09529320987654322 0.09065082644628099 0.12422839506172839
0 0.4444731404958678 0.05787037037037037 0.09245867768595041 0.11574074074074074
0 0.49548037190082644 0.44926697530864196 0.09271694214876033 0.11766975308641975
0 0.4784349173553719 0.41030092592592593 0.09271694214876033 0.11766975308641975
0 0.45983987603305787 0.36786265432098764 0.09271694214876033 0.11766975308641975
0 0.4216167355371901 0.2845293209876543 0.09271694214876033 0.11766975308641975
0 0.4037964876033058 0.24093364197530864 0.09271694214876033 0.11766975308641975
0 0.38520144628099173 0.1996527777777778 0.09271694214876033 0.11766975308641975
0 0.3666064049586777 0.1583719135802469 0.09271694214876033 0.11766975308641975
0 0.3487861570247934 0.11709104938271606 0.09271694214876033 0.11766975308641975
0 0.334452479338843 0.07523148148148148 0.07799586776859505 0.11419753086419752
