0 0.4425361570247934 0.6782407407407407 0.09271694214876033 0.12268518518518519
1 0.5502324380165289 0.7276234567901234 0.07308884297520661 0.11342592592592593
0 0.6292613636363636 0.519483024691358 0.08961776859504132 0.11535493827160494
0 0.5148502066115702 0.5067515432098766 0.09271694214876033 0.11766975308641975
0 0.6114411157024794 0.5623070987654321 0.08961776859504132 0.11535493827160494
0 0.593620867768595 0.6035879629629629 0.08961776859504132 0.11535493827160494
0 0.5758006198347108 0.6456404320987654 0.08961776859504132 0.11535493827160494
0 0.5579803719008265 0.6892361111111112 0.08961776859504132 0.11535493827160494
0 0.5215650826446281 0.7731481481481481 0.09065082644628099 0.12422839506172839
0 0.5006456611570248 0.8209876543209876 0.09065082644628099 0.12422839506172839
0 0.4825671487603306 0.8649691358024691 0.09065082644628099 0.12422839506172839
0 0.46423037190082644 0.904320987654321 0.09065082644628099 0.12422839506172839
0 0.4444731404958678 0.9421296296296297 0.09245867768595041 0.11574074074074074
0 0.49548037190082644 0.5503472222222222 0.09271694214876033 0.11766975308641975
0 0.4784349173553719 0.5893132716049383 0.09271694214876033 0.11766975308641975
0 0.45983987603305787 0.6317515432098766 0.09271694214876033 0.11766975308641975
0 0.4216167355371901 0.7150848765432098 0.09271694214876033 0.11766975308641975
0 0.4037964876033058 0.7586805555555556 0.09271694214876033 0.11766975308641975
0 0.38520144628099173 0.7999614197530864 0.09271694214876033 0.11766975308641975
0 0.3666064049586777 0.8412422839506173 0.09271694214876033 0.11766975308641975
0 0.3487861570247934 0.8825231481481481 0.09271694214876033 0.11766975308641975
0 0.334452479338843 0.9243827160493827 0.07799586776859505 0.11419753086419752
