0 0.5572055785123967 0.32137345679012347 0.09271694214876033 0.12268518518518519
1 0.44950929752066116 0.27199074074074076 0.07308884297520661 0.11342592592592593
0 0.37048037190082644 0.4801311728395062 0.08961776859504132 0.11535493827160494
0 0.4848915289256198 0.49286265432098764 0.09271694214876033 0.11766975308641975
0 0.38830061983471076 0.4373070987654321 0.08961776859504132 0.11535493827160494
0 0.406120867768595 0.39602623456790126 0.08961776859504132 0.11535493827160494
0 0.42394111570247933 0.35397376543209874 0.08961776859504132 0.11535493827160494
0 0.44176136363636365 0.31037808641975306 0.08961776859504132 0.11535493827160494
0 0.478176652892562 0.22646604938271606 0.09065082644628099 0.12422839506172839
0 0.4990960743801653 0.17862654320987653 0.09065082644628099 0.12422839506172839
0 0.5171745867768595 0.13464506172839505 0.09065082644628099 0.12422839506172839
0 0.5355113636363636 0.09529320987654322 0.09065082644628099 0.12422839506172839
0 0.5552685950413223 0.05787037037037037 0.09245867768595041 0.11574074074074074
0 0.5042613636363636 0.44926697530864196 0.09271694214876033 0.11766975308641975
0 0.5213068181818182 0.41030092592592593 0.09271694214876033 0.11766975308641975
0 0.5399018595041323 0.36786265432098764 0.09271694214876033 0.11766975308641975
0 0.578125 0.2845293209876543 0.09271694214876033 0.11766975308641975
0 0.5959452479338843 0.24093364197530864 0.09271694214876033 0.11766975308641975
0 0.6145402892561983 0.1996527777777778 0.09271694214876033 0.11766975308641975
0 0.6331353305785123 0.1583719135802469 0.09271694214876033 0.11766975308641975
0 0.6509555785123967 0.11709104938271606 0.09271694214876033 0.11766975308641975
0 0.6652892561983471 0.07523148148148148 0.07799586776859505 0.11419753086419752
