2 0.45567375886524825 0.2824135638297872 0.10815602836879433 0.08743351063829788
2 0.4597739361702128 0.20329122340425532 0.10837765957446809 0.08809840425531915
2 0.46852836879432624 0.05501994680851064 0.10904255319148937 0.08610372340425532
2 0.44370567375886527 0.503656914893617 0.10815602836879433 0.09175531914893617
2 0.4370567375886525 0.653091755319149 0.10682624113475177 0.08809840425531915
2 0.44869237588652483 0.43251329787234044 0.1088209219858156 0.08710106382978723
2 0.46697695035460995 0.13314494680851063 0.11081560283687943 0.08211436170212766
0 0.453125 0.3540558510638298 0.10704787234042554 0.08643617021276596
0 0.4403812056737589 0.5797872340425532 0.1077127659574468 0.08311170212765957
0 0.4348404255319149 0.7333776595744681 0.1077127659574468 0.08311170212765957
0 0.42974290780141844 0.8061835106382979 0.1077127659574468 0.08311170212765957
0 0.42353723404255317 0.8826462765957447 0.1077127659574468 0.08311170212765957
0 0.42065602836879434 0.9564494680851063 0.1077127659574468 0.08311170212765957
