2 0.45567375886524825 0.7172539893617021 0.10815602836879433 0.08743351063829788
2 0.4597739361702128 0.796376329787234 0.10837765957446809 0.08809840425531915
2 0.46852836879432624 0.9446476063829787 0.10904255319148937 0.08610372340425532
2 0.44370567375886527 0.49601063829787234 0.10815602836879433 0.09175531914893617
2 0.4370567375886525 0.34657579787234044 0.10682624113475177 0.08809840425531915
2 0.44869237588652483 0.567154255319149 0.1088209219858156 0.08710106382978723
2 0.46697695035460995 0.8665226063829787 0.11081560283687943 0.08211436170212766
0 0.453125 0.6456117021276596 0.10704787234042554 0.08643617021276596
0 0.4403812056737589 0.41988031914893614 0.1077127659574468 0.08311170212765957
0 0.4348404255319149 0.26628989361702127 0.1077127659574468 0.08311170212765957
0 0.42974290780141844 0.1934840425531915 0.1077127659574468 0.08311170212765957
0 0.42353723404255317 0.11702127659574468 0.1077127659574468 0.08311170212765957
0 0.42065602836879434 0.04321808510638298 0.1077127659574468 0.08311170212765957
