0 0.4917996453900709 0.47273936170212766 0.10638297872340426 0.0711436170212766
0 0.48193705673758863 0.6638962765957447 0.09995567375886524 0.07845744680851063
0 0.4778368794326241 0.723404255319149 0.09884751773049645 0.07712765957446809
2 0.5124113475177305 0.23238031914893617 0.09707446808510638 0.07845744680851063
2 0.5208333333333334 0.1085438829787234 0.09530141843971632 0.07147606382978723
2 0.5029920212765957 0.34873670212765956 0.10261524822695035 0.07579787234042554
2 0.485261524822695 0.5952460106382979 0.0990691489361702 0.0728058510638298
2 0.46753102836879434 0.8711768617021277 0.10084219858156028 0.10671542553191489
0 0.47129875886524825 0.7892287234042553 0.0986258865248227 0.06914893617021277
2 0.48991578014184395 0.5380651595744681 0.0990691489361702 0.0728058510638298
0 0.499113475177305 0.41123670212765956 0.10638297872340426 0.0711436170212766
0 0.518395390070922 0.16655585106382978 0.10638297872340426 0.0711436170212766
2 0.5111923758865248 0.2925531914893617 0.10261524822695035 0.07579787234042554
0 0.5227171985815603 0.05086436170212766 0.0986258865248227 0.07047872340425532
0 0.5293661347517731 0.015957446808510637 0.09153368794326242 0.031914893617021274
