0 0.5527482269503546 0.08976063829787234 0.10372340425531915 0.07779255319148937
0 0.5566267730496454 0.1607380319148936 0.10438829787234043 0.08477393617021277
2 0.561613475177305 0.29753989361702127 0.10505319148936171 0.08178191489361702
2 0.5654920212765957 0.44132313829787234 0.10350177304964539 0.08211436170212766
2 0.5682624113475178 0.516123670212766 0.10106382978723404 0.09275265957446809
0 0.5601728723404256 0.22689494680851063 0.10438829787234043 0.08477393617021277
0 0.5509751773049646 0.02892287234042553 0.10460992907801418 0.05784574468085106
0 0.5704787234042553 0.5841090425531915 0.10283687943262411 0.08045212765957446
0 0.5735815602836879 0.6524268617021277 0.10682624113475177 0.0867686170212766
0 0.575354609929078 0.7278922872340425 0.10682624113475177 0.0867686170212766
0 0.5789007092198581 0.800033244680851 0.10682624113475177 0.0867686170212766
0 0.5811170212765957 0.8764960106382979 0.10682624113475177 0.0867686170212766
0 0.5857712765957447 0.956283244680851 0.10682624113475177 0.0867686170212766
