0 0.5527482269503546 0.909906914893617 0.10372340425531915 0.07779255319148937
0 0.5566267730496454 0.8389295212765957 0.10438829787234043 0.08477393617021277
2 0.561613475177305 0.7021276595744681 0.10505319148936171 0.08178191489361702
2 0.5654920212765957 0.558344414893617 0.10350177304964539 0.08211436170212766
2 0.5682624113475178 0.4835438829787234 0.10106382978723404 0.09275265957446809
0 0.5601728723404256 0.7727726063829787 0.10438829787234043 0.08477393617021277
0 0.5509751773049646 0.9710771276595744 0.10460992907801418 0.05784574468085106
0 0.5704787234042553 0.41555851063829785 0.10283687943262411 0.08045212765957446
0 0.5735815602836879 0.3472406914893617 0.10682624113475177 0.0867686170212766
0 0.575354609929078 0.27177526595744683 0.10682624113475177 0.0867686170212766
0 0.5789007092198581 0.1996343085106383 0.10682624113475177 0.0867686170212766
0 0.5811170212765957 0.12317154255319149 0.10682624113475177 0.0867686170212766
0 0.5857712765957447 0.0433843085106383 0.10682624113475177 0.0867686170212766
