0 0.5125221631205674 0.23188164893617022 0.10970744680851063 0.09607712765957446
0 0.48692375886524825 0.9142287234042553 0.10726950354609929 0.09242021276595745
0 0.48880762411347517 0.840591755319149 0.1110372340425532 0.08809840425531915
2 0.49412677304964536 0.6903257978723404 0.11192375886524823 0.09474734042553191
2 0.49977836879432624 0.5407247340425532 0.11081560283687943 0.08809840425531915
2 0.5077570921985816 0.38996010638297873 0.11569148936170212 0.09175531914893617
2 0.5098625886524822 0.3106715425531915 0.11281028368794327 0.0920877659574468
2 0.5140735815602837 0.15508643617021275 0.11901595744680851 0.09275265957446809
0 0.5033244680851063 0.46376329787234044 0.11391843971631206 0.09840425531914894
0 0.4988918439716312 0.614029255319149 0.11391843971631206 0.09840425531914894
0 0.4920212765957447 0.7593085106382979 0.11391843971631206 0.09840425531914894
0 0.4804964539007092 0.9725731382978723 0.10904255319148937 0.05485372340425532
