2 0.544104609929078 0.7172539893617021 0.10815602836879433 0.08743351063829788
2 0.5400044326241135 0.796376329787234 0.10837765957446809 0.08809840425531915
2 0.53125 0.9446476063829787 0.10904255319148937 0.08610372340425532
2 0.556072695035461 0.49601063829787234 0.10815602836879433 0.09175531914893617
2 0.5627216312056738 0.34657579787234044 0.10682624113475177 0.08809840425531915
2 0.5510859929078015 0.567154255319149 0.1088209219858156 0.08710106382978723
2 0.5328014184397163 0.8665226063829787 0.11081560283687943 0.08211436170212766
0 0.5466533687943262 0.6456117021276596 0.10704787234042554 0.08643617021276596
0 0.5593971631205674 0.41988031914893614 0.1077127659574468 0.08311170212765957
0 0.5649379432624113 0.26628989361702127 0.1077127659574468 0.08311170212765957
0 0.5700354609929078 0.1934840425531915 0.1077127659574468 0.08311170212765957
0 0.5762411347517731 0.11702127659574468 0.1077127659574468 0.08311170212765957
0 0.5791223404255319 0.04321808510638298 0.1077127659574468 0.08311170212765957
