0 0.4917996453900709 0.5269281914893617 0.10638297872340426 0.0711436170212766
0 0.48193705673758863 0.3357712765957447 0.09995567375886524 0.07845744680851063
0 0.4778368794326241 0.27626329787234044 0.09884751773049645 0.07712765957446809
2 0.5124113475177305 0.7672872340425532 0.09707446808510638 0.07845744680851063
2 0.5208333333333334 0.891123670212766 0.09530141843971632 0.07147606382978723
2 0.5029920212765957 0.6509308510638298 0.10261524822695035 0.07579787234042554
2 0.485261524822695 0.4044215425531915 0.0990691489361702 0.0728058510638298
2 0.46753102836879434 0.1284906914893617 0.10084219858156028 0.10671542553191489
0 0.47129875886524825 0.21043882978723405 0.0986258865248227 0.06914893617021277
2 0.48991578014184395 0.46160239361702127 0.0990691489361702 0.0728058510638298
0 0.499113475177305 0.5884308510638298 0.10638297872340426 0.0711436170212766
0 0.518395390070922 0.8331117021276596 0.10638297872340426 0.0711436170212766
2 0.5111923758865248 0.7071143617021277 0.10261524822695035 0.07579787234042554
0 0.5227171985815603 0.9488031914893617 0.0986258865248227 0.07047872340425532
0 0.5293661347517731 0.9840425531914894 0.09153368794326242 0.031914893617021274
