2 0.544104609929078 0.2824135638297872 0.10815602836879433 0.08743351063829788
2 0.5400044326241135 0.20329122340425532 0.10837765957446809 0.08809840425531915
2 0.53125 0.05501994680851064 0.10904255319148937 0.08610372340425532
2 0.556072695035461 0.503656914893617 0.10815602836879433 0.09175531914893617
2 0.5627216312056738 0.653091755319149 0.10682624113475177 0.08809840425531915
2 0.5510859929078015 0.43251329787234044 0.1088209219858156 0.08710106382978723
2 0.5328014184397163 0.13314494680851063 0.11081560283687943 0.08211436170212766
0 0.5466533687943262 0.3540558510638298 0.10704787234042554 0.08643617021276596
0 0.5593971631205674 0.5797872340425532 0.1077127659574468 0.08311170212765957
0 0.5649379432624113 0.7333776595744681 0.1077127659574468 0.08311170212765957
0 0.5700354609929078 0.8061835106382979 0.1077127659574468 0.08311170212765957
0 0.5762411347517731 0.8826462765957447 0.1077127659574468 0.08311170212765957
0 0.5791223404255319 0.9564494680851063 0.1077127659574468 0.08311170212765957
