0 0.5079787234042553 0.5269281914893617 0.10638297872340426 0.0711436170212766
0 0.5178413120567376 0.3357712765957447 0.09995567375886524 0.07845744680851063
0 0.5219414893617021 0.27626329787234044 0.09884751773049645 0.07712765957446809
2 0.48736702127659576 0.7672872340425532 0.09707446808510638 0.07845744680851063
2 0.47894503546099293 0.891123670212766 0.09530141843971632 0.07147606382978723
2 0.4967863475177305 0.6509308510638298 0.10261524822695035 0.07579787234042554
2 0.5145168439716312 0.4044215425531915 0.0990691489361702 0.0728058510638298
2 0.5322473404255319 0.1284906914893617 0.10084219858156028 0.10671542553191489
0 0.528479609929078 0.21043882978723405 0.0986258865248227 0.06914893617021277
2 0.5098625886524822 0.46160239361702127 0.0990691489361702 0.0728058510638298
0 0.5006648936170213 0.5884308510638298 0.10638297872340426 0.0711436170212766
0 0.48138297872340424 0.8331117021276596 0.10638297872340426 0.0711436170212766
2 0.4885859929078014 0.7071143617021277 0.10261524822695035 0.07579787234042554
0 0.47706117021276595 0.9488031914893617 0.0986258865248227 0.07047872340425532
0 0.47041223404255317 0.9840425531914894 0.09153368794326242 0.031914893617021274
