0 0.6262189716312057 0.4868683510638298 0.06006205673758865 0.1146941489361702
1 0.4962322695035461 0.5018284574468085 0.057180851063829786 0.10006648936170212
0 0.36868351063829785 0.3000332446808511 0.06006205673758865 0.1146941489361702
0 0.4019281914893617 0.323969414893617 0.06006205673758865 0.1146941489361702
0 0.4331781914893617 0.347905585106383 0.06006205673758865 0.1146941489361702
0 0.4644281914893617 0.37350398936170215 0.06006205673758865 0.1146941489361702
0 0.4956781914893617 0.39212101063829785 0.06006205673758865 0.1146941489361702
0 0.5313608156028369 0.41339760638297873 0.052083333333333336 0.11269946808510638
0 0.5648271276595744 0.4363364361702128 0.06006205673758865 0.1146941489361702
0 0.5943040780141844 0.4576130319148936 0.06006205673758865 0.1146941489361702
0 0.6612367021276596 0.5044880319148937 0.06006205673758865 0.1146941489361702
0 0.6924867021276596 0.5284242021276596 0.06006205673758865 0.1146941489361702
0 0.7230718085106383 0.5513630319148937 0.06006205673758865 0.1146941489361702
0 0.7532136524822695 0.5752992021276596 0.06006205673758865 0.1146941489361702
0 0.7884530141843972 0.5999002659574468 0.06006205673758865 0.1146941489361702
0 0.8212544326241135 0.6238364361702128 0.06006205673758865 0.1146941489361702
0 0.847406914893617 0.6467752659574468 0.06006205673758865 0.1146941489361702
0 0.7800310283687943 0.7019614361702128 0.06006205673758865 0.1146941489361702
0 0.7490026595744681 0.6783577127659575 0.06006205673758865 0.1146941489361702
0 0.7184175531914894 0.6547539893617021 0.06006205673758865 0.1146941489361702
0 0.6867242907801419 0.6328125 0.06006205673758865 0.1146941489361702
0 0.6550310283687943 0.6075465425531915 0.06006205673758865 0.1146941489361702
0 0.6240026595744681 0.5862699468085106 0.06006205673758865 0.1146941489361702
0 0.5934175531914894 0.5626662234042553 0.06006205673758865 0.1146941489361702
0 0.5623891843971631 0.5423869680851063 0.06006205673758865 0.1146941489361702
0 0.4617686170212766 0.47523271276595747 0.06006205673758865 0.1146941489361702
0 0.4322916666666667 0.45162898936170215 0.06006205673758865 0.1146941489361702
0 0.4005984042553192 0.4330119680851064 0.06006205673758865 0.1146941489361702
0 0.36779698581560283 0.4094082446808511 0.06006205673758865 0.1146941489361702
0 0.3367686170212766 0.3874667553191489 0.06006205673758865 0.1146941489361702
0 0.3010859929078014 0.3605385638297872 0.06006205673758865 0.1146941489361702
