0 0.5352393617021277 0.4740691489361702 0.09397163120567376 0.07779255319148937
1 0.5356826241134752 0.378656914893617 0.09219858156028368 0.08045212765957446
0 0.5308067375886525 0.526595744680851 0.09397163120567376 0.07779255319148937
0 0.5285904255319149 0.5757978723404256 0.09397163120567376 0.07779255319148937
0 0.5230496453900709 0.6240026595744681 0.09397163120567376 0.07779255319148937
0 0.5208333333333334 0.667220744680851 0.09397163120567376 0.07779255319148937
0 0.5407801418439716 0.18683510638297873 0.09397163120567376 0.07779255319148937
0 0.5458776595744681 0.13929521276595744 0.09397163120567376 0.07779255319148937
0 0.5458776595744681 0.08410904255319149 0.09397163120567376 0.07779255319148937
0 0.5476507092198581 0.03889627659574468 0.09397163120567376 0.07779255319148937
0 0.5207225177304965 0.7107712765957447 0.09375 0.08244680851063829
