2 0.5775709219858156 0.6432845744680851 0.11835106382978723 0.20079787234042554
2 0.4580008865248227 0.4933510638297872 0.13541666666666666 0.21143617021276595
2 0.4892508865248227 0.5332446808510638 0.12743794326241134 0.20678191489361702
2 0.5176196808510638 0.5688164893617021 0.12743794326241134 0.20678191489361702
2 0.5426640070921985 0.6077127659574468 0.12743794326241134 0.20678191489361702
2 0.5980718085106383 0.6688829787234043 0.12743794326241134 0.20678191489361702
2 0.6253324468085106 0.7054521276595744 0.12743794326241134 0.20678191489361702
2 0.6763076241134752 0.7629654255319149 0.12743794326241134 0.20678191489361702
0 0.8187056737588653 0.8991023936170213 0.11702127659574468 0.1918218085106383
0 0.787677304964539 0.8751662234042553 0.11702127659574468 0.1918218085106383
0 0.7610815602836879 0.8462433510638298 0.11702127659574468 0.1918218085106383
