0 0.4645390070921986 0.5255984042553191 0.09397163120567376 0.07779255319148937
1 0.4640957446808511 0.6210106382978723 0.09219858156028368 0.08045212765957446
0 0.46897163120567376 0.4730718085106383 0.09397163120567376 0.07779255319148937
0 0.47118794326241137 0.42386968085106386 0.09397163120567376 0.07779255319148937
0 0.4767287234042553 0.37566489361702127 0.09397163120567376 0.07779255319148937
0 0.47894503546099293 0.3324468085106383 0.09397163120567376 0.07779255319148937
0 0.45899822695035464 0.8128324468085106 0.09397163120567376 0.07779255319148937
0 0.45390070921985815 0.8603723404255319 0.09397163120567376 0.07779255319148937
0 0.45390070921985815 0.9155585106382979 0.09397163120567376 0.07779255319148937
0 0.4521276595744681 0.9607712765957447 0.09397163120567376 0.07779255319148937
0 0.4790558510638298 0.2888962765957447 0.09375 0.08244680851063829
