0 0.5352393617021277 0.5255984042553191 0.09397163120567376 0.07779255319148937
1 0.5356826241134752 0.6210106382978723 0.09219858156028368 0.08045212765957446
0 0.5308067375886525 0.4730718085106383 0.09397163120567376 0.07779255319148937
0 0.5285904255319149 0.42386968085106386 0.09397163120567376 0.07779255319148937
0 0.5230496453900709 0.37566489361702127 0.09397163120567376 0.07779255319148937
0 0.5208333333333334 0.3324468085106383 0.09397163120567376 0.07779255319148937
0 0.5407801418439716 0.8128324468085106 0.09397163120567376 0.07779255319148937
0 0.5458776595744681 0.8603723404255319 0.09397163120567376 0.07779255319148937
0 0.5458776595744681 0.9155585106382979 0.09397163120567376 0.07779255319148937
0 0.5476507092198581 0.9607712765957447 0.09397163120567376 0.07779255319148937
0 0.5207225177304965 0.2888962765957447 0.09375 0.08244680851063829
