0 0.3735593971631206 0.5127992021276596 0.06006205673758865 0.1146941489361702
1 0.5035460992907801 0.4978390957446808 0.057180851063829786 0.10006648936170212
0 0.6310948581560284 0.6996343085106383 0.06006205673758865 0.1146941489361702
0 0.5978501773049646 0.6756981382978723 0.06006205673758865 0.1146941489361702
0 0.5666001773049646 0.6517619680851063 0.06006205673758865 0.1146941489361702
0 0.5353501773049646 0.6261635638297872 0.06006205673758865 0.1146941489361702
0 0.5041001773049646 0.6075465425531915 0.06006205673758865 0.1146941489361702
0 0.46841755319148937 0.5862699468085106 0.052083333333333336 0.11269946808510638
0 0.43495124113475175 0.5633311170212766 0.06006205673758865 0.1146941489361702
0 0.40547429078014185 0.5420545212765957 0.06006205673758865 0.1146941489361702
0 0.3385416666666667 0.49517952127659576 0.06006205673758865 0.1146941489361702
0 0.3072916666666667 0.4712433510638298 0.06006205673758865 0.1146941489361702
0 0.27670656028368795 0.44830452127659576 0.06006205673758865 0.1146941489361702
0 0.24656471631205673 0.4243683510638298 0.06006205673758865 0.1146941489361702
0 0.21132535460992907 0.39976728723404253 0.06006205673758865 0.1146941489361702
0 0.17852393617021275 0.3758311170212766 0.06006205673758865 0.1146941489361702
0 0.15237145390070922 0.35289228723404253 0.06006205673758865 0.1146941489361702
0 0.21974734042553193 0.2977061170212766 0.06006205673758865 0.1146941489361702
0 0.25077570921985815 0.3213098404255319 0.06006205673758865 0.1146941489361702
0 0.2813608156028369 0.3449135638297872 0.06006205673758865 0.1146941489361702
0 0.3130540780141844 0.36685505319148937 0.06006205673758865 0.1146941489361702
0 0.3447473404255319 0.39212101063829785 0.06006205673758865 0.1146941489361702
0 0.37577570921985815 0.41339760638297873 0.06006205673758865 0.1146941489361702
0 0.4063608156028369 0.43700132978723405 0.06006205673758865 0.1146941489361702
0 0.4373891843971631 0.457280585106383 0.06006205673758865 0.1146941489361702
0 0.5380097517730497 0.5244348404255319 0.06006205673758865 0.1146941489361702
0 0.5674867021276596 0.5480385638297872 0.06006205673758865 0.1146941489361702
0 0.5991799645390071 0.566655585106383 0.06006205673758865 0.1146941489361702
0 0.6319813829787234 0.5902593085106383 0.06006205673758865 0.1146941489361702
0 0.6630097517730497 0.6122007978723404 0.06006205673758865 0.1146941489361702
0 0.6986923758865248 0.6391289893617021 0.06006205673758865 0.1146941489361702
