2 0.5775709219858156 0.35638297872340424 0.11835106382978723 0.20079787234042554
2 0.4580008865248227 0.5063164893617021 0.13541666666666666 0.21143617021276595
2 0.4892508865248227 0.4664228723404255 0.12743794326241134 0.20678191489361702
2 0.5176196808510638 0.4308510638297872 0.12743794326241134 0.20678191489361702
2 0.5426640070921985 0.39195478723404253 0.12743794326241134 0.20678191489361702
2 0.5980718085106383 0.3307845744680851 0.12743794326241134 0.20678191489361702
2 0.6253324468085106 0.2942154255319149 0.12743794326241134 0.20678191489361702
2 0.6763076241134752 0.23670212765957446 0.12743794326241134 0.20678191489361702
0 0.8187056737588653 0.10056515957446809 0.11702127659574468 0.1918218085106383
0 0.787677304964539 0.12450132978723404 0.11702127659574468 0.1918218085106383
0 0.7610815602836879 0.1534242021276596 0.11702127659574468 0.1918218085106383
