2 0.42220744680851063 0.35638297872340424 0.11835106382978723 0.20079787234042554
2 0.5417774822695035 0.5063164893617021 0.13541666666666666 0.21143617021276595
2 0.5105274822695035 0.4664228723404255 0.12743794326241134 0.20678191489361702
2 0.4821586879432624 0.4308510638297872 0.12743794326241134 0.20678191489361702
2 0.45711436170212766 0.39195478723404253 0.12743794326241134 0.20678191489361702
2 0.40170656028368795 0.3307845744680851 0.12743794326241134 0.20678191489361702
2 0.3744459219858156 0.2942154255319149 0.12743794326241134 0.20678191489361702
2 0.3234707446808511 0.23670212765957446 0.12743794326241134 0.20678191489361702
0 0.181072695035461 0.10056515957446809 0.11702127659574468 0.1918218085106383
0 0.21210106382978725 0.12450132978723404 0.11702127659574468 0.1918218085106383
0 0.2386968085106383 0.1534242021276596 0.11702127659574468 0.1918218085106383
