0 0.3735593971631206 0.4868683510638298 0.06006205673758865 0.1146941489361702
1 0.5035460992907801 0.5018284574468085 0.057180851063829786 0.10006648936170212
0 0.6310948581560284 0.3000332446808511 0.06006205673758865 0.1146941489361702
0 0.5978501773049646 0.323969414893617 0.06006205673758865 0.1146941489361702
0 0.5666001773049646 0.347905585106383 0.06006205673758865 0.1146941489361702
0 0.5353501773049646 0.37350398936170215 0.06006205673758865 0.1146941489361702
0 0.5041001773049646 0.39212101063829785 0.06006205673758865 0.1146941489361702
0 0.46841755319148937 0.41339760638297873 0.052083333333333336 0.11269946808510638
0 0.43495124113475175 0.4363364361702128 0.06006205673758865 0.1146941489361702
0 0.40547429078014185 0.4576130319148936 0.06006205673758865 0.1146941489361702
0 0.3385416666666667 0.5044880319148937 0.06006205673758865 0.1146941489361702
0 0.3072916666666667 0.5284242021276596 0.06006205673758865 0.1146941489361702
0 0.27670656028368795 0.5513630319148937 0.06006205673758865 0.1146941489361702
0 0.24656471631205673 0.5752992021276596 0.06006205673758865 0.1146941489361702
0 0.21132535460992907 0.5999002659574468 0.06006205673758865 0.1146941489361702
0 0.17852393617021275 0.6238364361702128 0.06006205673758865 0.1146941489361702
0 0.15237145390070922 0.6467752659574468 0.06006205673758865 0.1146941489361702
0 0.21974734042553193 0.7019614361702128 0.06006205673758865 0.1146941489361702
0 0.25077570921985815 0.6783577127659575 0.06006205673758865 0.1146941489361702
0 0.2813608156028369 0.6547539893617021 0.06006205673758865 0.1146941489361702
0 0.3130540780141844 0.6328125 0.06006205673758865 0.1146941489361702
0 0.3447473404255319 0.6075465425531915 0.06006205673758865 0.1146941489361702
0 0.37577570921985815 0.5862699468085106 0.06006205673758865 0.1146941489361702
0 0.4063608156028369 0.5626662234042553 0.06006205673758865 0.1146941489361702
0 0.4373891843971631 0.5423869680851063 0.06006205673758865 0.1146941489361702
0 0.5380097517730497 0.47523271276595747 0.06006205673758865 0.1146941489361702
0 0.5674867021276596 0.45162898936170215 0.06006205673758865 0.1146941489361702
0 0.5991799645390071 0.4330119680851064 0.06006205673758865 0.1146941489361702
0 0.6319813829787234 0.4094082446808511 0.06006205673758865 0.1146941489361702
0 0.6630097517730497 0.3874667553191489 0.06006205673758865 0.1146941489361702
0 0.6986923758865248 0.3605385638297872 0.06006205673758865 0.1146941489361702
