0 0.2754875886524823 0.7962101063829787 0.13829787234042554 0.22007978723404256
0 0.38984929078014185 0.6486037234042553 0.13164893617021275 0.22406914893617022
1 0.614915780141844 0.3705119680851064 0.12788120567375885 0.2057845744680851
1 0.5075354609929078 0.5211103723404256 0.12145390070921985 0.18650265957446807
0 0.21675531914893617 0.8730053191489362 0.13829787234042554 0.22007978723404256
0 0.3357712765957447 0.7217420212765957 0.13829787234042554 0.22007978723404256
0 0.44060283687943264 0.5862699468085106 0.12056737588652482 0.19581117021276595
0 0.726063829787234 0.22706117021276595 0.13164893617021275 0.22406914893617022
0 0.7785904255319149 0.1685505319148936 0.13164893617021275 0.22406914893617022
0 0.8322251773049646 0.11203457446808511 0.13164893617021275 0.22406914893617022
0 0.9064716312056738 0.07097739361702128 0.10460992907801418 0.14195478723404256
