0 0.4645390070921986 0.4740691489361702 0.09397163120567376 0.07779255319148937
1 0.4640957446808511 0.378656914893617 0.09219858156028368 0.08045212765957446
0 0.46897163120567376 0.526595744680851 0.09397163120567376 0.07779255319148937
0 0.47118794326241137 0.5757978723404256 0.09397163120567376 0.07779255319148937
0 0.4767287234042553 0.6240026595744681 0.09397163120567376 0.07779255319148937
0 0.47894503546099293 0.667220744680851 0.09397163120567376 0.07779255319148937
0 0.45899822695035464 0.18683510638297873 0.09397163120567376 0.07779255319148937
0 0.45390070921985815 0.13929521276595744 0.09397163120567376 0.07779255319148937
0 0.45390070921985815 0.08410904255319149 0.09397163120567376 0.07779255319148937
0 0.4521276595744681 0.03889627659574468 0.09397163120567376 0.07779255319148937
0 0.4790558510638298 0.7107712765957447 0.09375 0.08244680851063829
