0 0.6262189716312057 0.5127992021276596 0.06006205673758865 0.1146941489361702
1 0.4962322695035461 0.4978390957446808 0.057180851063829786 0.10006648936170212
0 0.36868351063829785 0.6996343085106383 0.06006205673758865 0.1146941489361702
0 0.4019281914893617 0.6756981382978723 0.06006205673758865 0.1146941489361702
0 0.4331781914893617 0.6517619680851063 0.06006205673758865 0.1146941489361702
0 0.4644281914893617 0.6261635638297872 0.06006205673758865 0.1146941489361702
0 0.4956781914893617 0.6075465425531915 0.06006205673758865 0.1146941489361702
0 0.5313608156028369 0.5862699468085106 0.052083333333333336 0.11269946808510638
0 0.5648271276595744 0.5633311170212766 0.06006205673758865 0.1146941489361702
0 0.5943040780141844 0.5420545212765957 0.06006205673758865 0.1146941489361702
0 0.6612367021276596 0.49517952127659576 0.06006205673758865 0.1146941489361702
0 0.6924867021276596 0.4712433510638298 0.06006205673758865 0.1146941489361702
0 0.7230718085106383 0.44830452127659576 0.06006205673758865 0.1146941489361702
0 0.7532136524822695 0.4243683510638298 0.06006205673758865 0.1146941489361702
0 0.7884530141843972 0.39976728723404253 0.06006205673758865 0.1146941489361702
0 0.8212544326241135 0.3758311170212766 0.06006205673758865 0.1146941489361702
0 0.847406914893617 0.35289228723404253 0.06006205673758865 0.1146941489361702
0 0.7800310283687943 0.2977061170212766 0.06006205673758865 0.1146941489361702
0 0.7490026595744681 0.3213098404255319 0.06006205673758865 0.1146941489361702
0 0.7184175531914894 0.3449135638297872 0.06006205673758865 0.1146941489361702
0 0.6867242907801419 0.36685505319148937 0.06006205673758865 0.1146941489361702
0 0.6550310283687943 0.39212101063829785 0.06006205673758865 0.1146941489361702
0 0.6240026595744681 0.41339760638297873 0.06006205673758865 0.1146941489361702
0 0.5934175531914894 0.43700132978723405 0.06006205673758865 0.1146941489361702
0 0.5623891843971631 0.457280585106383 0.06006205673758865 0.1146941489361702
0 0.4617686170212766 0.5244348404255319 0.06006205673758865 0.1146941489361702
0 0.4322916666666667 0.5480385638297872 0.06006205673758865 0.1146941489361702
0 0.4005984042553192 0.566655585106383 0.06006205673758865 0.1146941489361702
0 0.36779698581560283 0.5902593085106383 0.06006205673758865 0.1146941489361702
0 0.3367686170212766 0.6122007978723404 0.06006205673758865 0.1146941489361702
0 0.3010859929078014 0.6391289893617021 0.06006205673758865 0.1146941489361702
