2 0.42220744680851063 0.6432845744680851 0.11835106382978723 0.20079787234042554
2 0.5417774822695035 0.4933510638297872 0.13541666666666666 0.21143617021276595
2 0.5105274822695035 0.5332446808510638 0.12743794326241134 0.20678191489361702
2 0.4821586879432624 0.5688164893617021 0.12743794326241134 0.20678191489361702
2 0.45711436170212766 0.6077127659574468 0.12743794326241134 0.20678191489361702
2 0.40170656028368795 0.6688829787234043 0.12743794326241134 0.20678191489361702
2 0.3744459219858156 0.7054521276595744 0.12743794326241134 0.20678191489361702
2 0.3234707446808511 0.7629654255319149 0.12743794326241134 0.20678191489361702
0 0.181072695035461 0.8991023936170213 0.11702127659574468 0.1918218085106383
0 0.21210106382978725 0.8751662234042553 0.11702127659574468 0.1918218085106383
0 0.2386968085106383 0.8462433510638298 0.11702127659574468 0.1918218085106383
