0 0.6085992907801419 0.38314494680851063 0.07225177304964539 0.14594414893617022
1 0.4901374113475177 0.4419880319148936 0.06449468085106383 0.13663563829787234
0 0.6482712765957447 0.36087101063829785 0.07225177304964539 0.14594414893617022
0 0.6879432624113475 0.3405917553191489 0.07225177304964539 0.14594414893617022
0 0.7309397163120568 0.31549202127659576 0.07579787234042554 0.14694148936170212
0 0.5729166666666666 0.4050864361702128 0.07225177304964539 0.14594414893617022
0 0.4553413120567376 0.4677526595744681 0.06316489361702128 0.14760638297872342
0 0.41677748226950356 0.48570478723404253 0.06449468085106383 0.14760638297872342
0 0.3797650709219858 0.504654255319149 0.06848404255319149 0.1449468085106383
0 0.3395390070921986 0.5262632978723404 0.06294326241134751 0.14760638297872342
0 0.30319148936170215 0.5458776595744681 0.06294326241134751 0.14760638297872342
0 0.2632978723404255 0.5628324468085106 0.06471631205673758 0.14428191489361702
0 0.22695035460992907 0.5824468085106383 0.06471631205673758 0.14428191489361702
0 0.18905141843971632 0.602061170212766 0.06471631205673758 0.14428191489361702
0 0.15226063829787234 0.6216755319148937 0.06471631205673758 0.14428191489361702
