0 0.3911790780141844 0.6165226063829787 0.07225177304964539 0.14594414893617022
1 0.5096409574468085 0.5576795212765957 0.06449468085106383 0.13663563829787234
0 0.35150709219858156 0.6387965425531915 0.07225177304964539 0.14594414893617022
0 0.31183510638297873 0.6590757978723404 0.07225177304964539 0.14594414893617022
0 0.2688386524822695 0.6841755319148937 0.07579787234042554 0.14694148936170212
0 0.42686170212765956 0.5945811170212766 0.07225177304964539 0.14594414893617022
0 0.5444370567375887 0.5319148936170213 0.06316489361702128 0.14760638297872342
0 0.5830008865248227 0.5139627659574468 0.06449468085106383 0.14760638297872342
0 0.6200132978723404 0.49501329787234044 0.06848404255319149 0.1449468085106383
0 0.6602393617021277 0.4734042553191489 0.06294326241134751 0.14760638297872342
0 0.6965868794326241 0.45378989361702127 0.06294326241134751 0.14760638297872342
0 0.7364804964539007 0.43683510638297873 0.06471631205673758 0.14428191489361702
0 0.7728280141843972 0.4172207446808511 0.06471631205673758 0.14428191489361702
0 0.81072695035461 0.3976063829787234 0.06471631205673758 0.14428191489361702
0 0.8475177304964538 0.37799202127659576 0.06471631205673758 0.14428191489361702
