0 0.3911790780141844 0.38314494680851063 0.07225177304964539 0.14594414893617022
1 0.5096409574468085 0.4419880319148936 0.06449468085106383 0.13663563829787234
0 0.35150709219858156 0.36087101063829785 0.07225177304964539 0.14594414893617022
0 0.31183510638297873 0.3405917553191489 0.07225177304964539 0.14594414893617022
0 0.2688386524822695 0.31549202127659576 0.07579787234042554 0.14694148936170212
0 0.42686170212765956 0.4050864361702128 0.07225177304964539 0.14594414893617022
0 0.5444370567375887 0.4677526595744681 0.06316489361702128 0.14760638297872342
0 0.5830008865248227 0.48570478723404253 0.06449468085106383 0.14760638297872342
0 0.6200132978723404 0.504654255319149 0.06848404255319149 0.1449468085106383
0 0.6602393617021277 0.5262632978723404 0.06294326241134751 0.14760638297872342
0 0.6965868794326241 0.5458776595744681 0.06294326241134751 0.14760638297872342
0 0.7364804964539007 0.5628324468085106 0.06471631205673758 0.14428191489361702
0 0.7728280141843972 0.5824468085106383 0.06471631205673758 0.14428191489361702
0 0.81072695035461 0.602061170212766 0.06471631205673758 0.14428191489361702
0 0.8475177304964538 0.6216755319148937 0.06471631205673758 0.14428191489361702
