0 0.6085992907801419 0.6165226063829787 0.07225177304964539 0.14594414893617022
1 0.4901374113475177 0.5576795212765957 0.06449468085106383 0.13663563829787234
0 0.6482712765957447 0.6387965425531915 0.07225177304964539 0.14594414893617022
0 0.6879432624113475 0.6590757978723404 0.07225177304964539 0.14594414893617022
0 0.7309397163120568 0.6841755319148937 0.07579787234042554 0.14694148936170212
0 0.5729166666666666 0.5945811170212766 0.07225177304964539 0.14594414893617022
0 0.4553413120567376 0.5319148936170213 0.06316489361702128 0.14760638297872342
0 0.41677748226950356 0.5139627659574468 0.06449468085106383 0.14760638297872342
0 0.3797650709219858 0.49501329787234044 0.06848404255319149 0.1449468085106383
0 0.3395390070921986 0.4734042553191489 0.06294326241134751 0.14760638297872342
0 0.30319148936170215 0.45378989361702127 0.06294326241134751 0.14760638297872342
0 0.2632978723404255 0.43683510638297873 0.06471631205673758 0.14428191489361702
0 0.22695035460992907 0.4172207446808511 0.06471631205673758 0.14428191489361702
0 0.18905141843971632 0.3976063829787234 0.06471631205673758 0.14428191489361702
0 0.15226063829787234 0.37799202127659576 0.06471631205673758 0.14428191489361702
