0 0.35383421985815605 0.5294215425531915 0.11768617021276596 0.20179521276595744
1 0.5198359929078015 0.35189494680851063 0.10793439716312057 0.16655585106382978
0 0.07989804964539007 0.8375997340425532 0.11768617021276596 0.20179521276595744
0 0.13707890070921985 0.7731050531914894 0.11768617021276596 0.20179521276595744
0 0.19137854609929078 0.7102726063829787 0.11768617021276596 0.20179521276595744
0 0.2456781914893617 0.6474401595744681 0.11768617021276596 0.20179521276595744
0 0.3010859929078014 0.5899268617021277 0.11768617021276596 0.20179521276595744
0 0.40746897163120566 0.4695811170212766 0.11768617021276596 0.20179521276595744
0 0.6169104609929078 0.25049867021276595 0.11768617021276596 0.20179521276595744
0 0.6707668439716312 0.1919880319148936 0.11768617021276596 0.20179521276595744
0 0.7188608156028369 0.1377992021276596 0.11768617021276596 0.20179521276595744
0 0.7771498226950354 0.09042553191489362 0.11546985815602837 0.18085106382978725
