2 0.46575797872340424 0.5226063829787234 0.12965425531914893 0.11502659574468085
0 0.47506648936170215 0.0581781914893617 0.1309840425531915 0.1163563829787234
0 0.4726285460992908 0.15425531914893617 0.13009751773049646 0.1077127659574468
0 0.4726285460992908 0.2450132978723404 0.13009751773049646 0.1077127659574468
0 0.4706338652482269 0.34341755319148937 0.13009751773049646 0.1077127659574468
0 0.46708776595744683 0.4265292553191489 0.13009751773049646 0.1077127659574468
0 0.4648714539007092 0.6153590425531915 0.13009751773049646 0.1077127659574468
0 0.4613253546099291 0.7071143617021277 0.13009751773049646 0.1077127659574468
0 0.45999556737588654 0.796875 0.13009751773049646 0.1077127659574468
0 0.4591090425531915 0.8843085106382979 0.13009751773049646 0.1077127659574468
0 0.45766843971631205 0.9621010638297872 0.13297872340425532 0.07579787234042554
