0 0.35383421985815605 0.47024601063829785 0.11768617021276596 0.20179521276595744
1 0.5198359929078015 0.6477726063829787 0.10793439716312057 0.16655585106382978
0 0.07989804964539007 0.16206781914893617 0.11768617021276596 0.20179521276595744
0 0.13707890070921985 0.2265625 0.11768617021276596 0.20179521276595744
0 0.19137854609929078 0.28939494680851063 0.11768617021276596 0.20179521276595744
0 0.2456781914893617 0.35222739361702127 0.11768617021276596 0.20179521276595744
0 0.3010859929078014 0.4097406914893617 0.11768617021276596 0.20179521276595744
0 0.40746897163120566 0.5300864361702128 0.11768617021276596 0.20179521276595744
0 0.6169104609929078 0.7491688829787234 0.11768617021276596 0.20179521276595744
0 0.6707668439716312 0.8076795212765957 0.11768617021276596 0.20179521276595744
0 0.7188608156028369 0.8618683510638298 0.11768617021276596 0.20179521276595744
0 0.7771498226950354 0.9095744680851063 0.11546985815602837 0.18085106382978725
