2 0.534020390070922 0.5226063829787234 0.12965425531914893 0.11502659574468085
0 0.5247118794326241 0.0581781914893617 0.1309840425531915 0.1163563829787234
0 0.5271498226950354 0.15425531914893617 0.13009751773049646 0.1077127659574468
0 0.5271498226950354 0.2450132978723404 0.13009751773049646 0.1077127659574468
0 0.5291445035460993 0.34341755319148937 0.13009751773049646 0.1077127659574468
0 0.5326906028368794 0.4265292553191489 0.13009751773049646 0.1077127659574468
0 0.534906914893617 0.6153590425531915 0.13009751773049646 0.1077127659574468
0 0.5384530141843972 0.7071143617021277 0.13009751773049646 0.1077127659574468
0 0.5397828014184397 0.796875 0.13009751773049646 0.1077127659574468
0 0.5406693262411347 0.8843085106382979 0.13009751773049646 0.1077127659574468
0 0.5421099290780141 0.9621010638297872 0.13297872340425532 0.07579787234042554
