0 0.6459441489361702 0.47024601063829785 0.11768617021276596 0.20179521276595744
1 0.47994237588652483 0.6477726063829787 0.10793439716312057 0.16655585106382978
0 0.9198803191489362 0.16206781914893617 0.11768617021276596 0.20179521276595744
0 0.8626994680851063 0.2265625 0.11768617021276596 0.20179521276595744
0 0.8083998226950354 0.28939494680851063 0.11768617021276596 0.20179521276595744
0 0.7541001773049646 0.35222739361702127 0.11768617021276596 0.20179521276595744
0 0.6986923758865248 0.4097406914893617 0.11768617021276596 0.20179521276595744
0 0.5923093971631206 0.5300864361702128 0.11768617021276596 0.20179521276595744
0 0.38286790780141844 0.7491688829787234 0.11768617021276596 0.20179521276595744
0 0.329011524822695 0.8076795212765957 0.11768617021276596 0.20179521276595744
0 0.28091755319148937 0.8618683510638298 0.11768617021276596 0.20179521276595744
0 0.22262854609929078 0.9095744680851063 0.11546985815602837 0.18085106382978725
