2 0.534020390070922 0.47706117021276595 0.12965425531914893 0.11502659574468085
0 0.5247118794326241 0.9414893617021277 0.1309840425531915 0.1163563829787234
0 0.5271498226950354 0.8454122340425532 0.13009751773049646 0.1077127659574468
0 0.5271498226950354 0.754654255319149 0.13009751773049646 0.1077127659574468
0 0.5291445035460993 0.65625 0.13009751773049646 0.1077127659574468
0 0.5326906028368794 0.5731382978723404 0.13009751773049646 0.1077127659574468
0 0.534906914893617 0.38430851063829785 0.13009751773049646 0.1077127659574468
0 0.5384530141843972 0.2925531914893617 0.13009751773049646 0.1077127659574468
0 0.5397828014184397 0.20279255319148937 0.13009751773049646 0.1077127659574468
0 0.5406693262411347 0.11535904255319149 0.13009751773049646 0.1077127659574468
0 0.5421099290780141 0.03789893617021277 0.13297872340425532 0.07579787234042554
