0 0.6459441489361702 0.5294215425531915 0.11768617021276596 0.20179521276595744
1 0.47994237588652483 0.35189494680851063 0.10793439716312057 0.16655585106382978
0 0.9198803191489362 0.8375997340425532 0.11768617021276596 0.20179521276595744
0 0.8626994680851063 0.7731050531914894 0.11768617021276596 0.20179521276595744
0 0.8083998226950354 0.7102726063829787 0.11768617021276596 0.20179521276595744
0 0.7541001773049646 0.6474401595744681 0.11768617021276596 0.20179521276595744
0 0.6986923758865248 0.5899268617021277 0.11768617021276596 0.20179521276595744
0 0.5923093971631206 0.4695811170212766 0.11768617021276596 0.20179521276595744
0 0.38286790780141844 0.25049867021276595 0.11768617021276596 0.20179521276595744
0 0.329011524822695 0.1919880319148936 0.11768617021276596 0.20179521276595744
0 0.28091755319148937 0.1377992021276596 0.11768617021276596 0.20179521276595744
0 0.22262854609929078 0.09042553191489362 0.11546985815602837 0.18085106382978725
