0 0.48470744680851063 0.4486369680851064 0.13829787234042554 0.12134308510638298
0 0.48138297872340424 0.35189494680851063 0.13829787234042554 0.12134308510638298
0 0.475177304964539 0.1667220744680851 0.13829787234042554 0.12134308510638298
0 0.487145390070922 0.5367353723404256 0.13829787234042554 0.12134308510638298
0 0.49069148936170215 0.6264960106382979 0.13829787234042554 0.12134308510638298
0 0.4703014184397163 0.07463430851063829 0.13829787234042554 0.12134308510638298
0 0.47938829787234044 0.26612367021276595 0.14140070921985815 0.11602393617021277
0 0.4953457446808511 0.8016954787234043 0.14140070921985815 0.11602393617021277
0 0.49756205673758863 0.8951130319148937 0.14140070921985815 0.11602393617021277
0 0.5026595744680851 0.9634308510638298 0.13829787234042554 0.07313829787234043
0 0.48991578014184395 0.7152593085106383 0.13763297872340424 0.11934840425531915
