0 0.48470744680851063 0.551030585106383 0.13829787234042554 0.12134308510638298
0 0.48138297872340424 0.6477726063829787 0.13829787234042554 0.12134308510638298
0 0.475177304964539 0.8329454787234043 0.13829787234042554 0.12134308510638298
0 0.487145390070922 0.46293218085106386 0.13829787234042554 0.12134308510638298
0 0.49069148936170215 0.3731715425531915 0.13829787234042554 0.12134308510638298
0 0.4703014184397163 0.925033244680851 0.13829787234042554 0.12134308510638298
0 0.47938829787234044 0.7335438829787234 0.14140070921985815 0.11602393617021277
0 0.4953457446808511 0.1979720744680851 0.14140070921985815 0.11602393617021277
0 0.49756205673758863 0.10455452127659574 0.14140070921985815 0.11602393617021277
0 0.5026595744680851 0.036569148936170214 0.13829787234042554 0.07313829787234043
0 0.48991578014184395 0.2844082446808511 0.13763297872340424 0.11934840425531915
