0 0.5150709219858156 0.551030585106383 0.13829787234042554 0.12134308510638298
0 0.518395390070922 0.6477726063829787 0.13829787234042554 0.12134308510638298
0 0.5246010638297872 0.8329454787234043 0.13829787234042554 0.12134308510638298
0 0.5126329787234043 0.46293218085106386 0.13829787234042554 0.12134308510638298
0 0.5090868794326241 0.3731715425531915 0.13829787234042554 0.12134308510638298
0 0.52947695035461 0.925033244680851 0.13829787234042554 0.12134308510638298
0 0.5203900709219859 0.7335438829787234 0.14140070921985815 0.11602393617021277
0 0.5044326241134752 0.1979720744680851 0.14140070921985815 0.11602393617021277
0 0.5022163120567376 0.10455452127659574 0.14140070921985815 0.11602393617021277
0 0.4971187943262411 0.036569148936170214 0.13829787234042554 0.07313829787234043
0 0.5098625886524822 0.2844082446808511 0.13763297872340424 0.11934840425531915
