0 0.5150709219858156 0.4486369680851064 0.13829787234042554 0.12134308510638298
0 0.518395390070922 0.35189494680851063 0.13829787234042554 0.12134308510638298
0 0.5246010638297872 0.1667220744680851 0.13829787234042554 0.12134308510638298
0 0.5126329787234043 0.5367353723404256 0.13829787234042554 0.12134308510638298
0 0.5090868794326241 0.6264960106382979 0.13829787234042554 0.12134308510638298
0 0.52947695035461 0.07463430851063829 0.13829787234042554 0.12134308510638298
0 0.5203900709219859 0.26612367021276595 0.14140070921985815 0.11602393617021277
0 0.5044326241134752 0.8016954787234043 0.14140070921985815 0.11602393617021277
0 0.5022163120567376 0.8951130319148937 0.14140070921985815 0.11602393617021277
0 0.4971187943262411 0.9634308510638298 0.13829787234042554 0.07313829787234043
0 0.5098625886524822 0.7152593085106383 0.13763297872340424 0.11934840425531915
