2 0.46575797872340424 0.47706117021276595 0.12965425531914893 0.11502659574468085
0 0.47506648936170215 0.9414893617021277 0.1309840425531915 0.1163563829787234
0 0.4726285460992908 0.8454122340425532 0.13009751773049646 0.1077127659574468
0 0.4726285460992908 0.754654255319149 0.13009751773049646 0.1077127659574468
0 0.4706338652482269 0.65625 0.13009751773049646 0.1077127659574468
0 0.46708776595744683 0.5731382978723404 0.13009751773049646 0.1077127659574468
0 0.4648714539007092 0.38430851063829785 0.13009751773049646 0.1077127659574468
0 0.4613253546099291 0.2925531914893617 0.13009751773049646 0.1077127659574468
0 0.45999556737588654 0.20279255319148937 0.13009751773049646 0.1077127659574468
0 0.4591090425531915 0.11535904255319149 0.13009751773049646 0.1077127659574468
0 0.45766843971631205 0.03789893617021277 0.13297872340425532 0.07579787234042554
