0 0.5214982269503546 0.2589760638297872 0.14317375886524822 0.11236702127659574
0 0.534906914893617 0.801529255319149 0.13453014184397163 0.10505319148936171
0 0.5219414893617021 0.3525598404255319 0.14184397163120568 0.11203457446808511
2 0.5350177304964538 0.8819813829787234 0.13430851063829788 0.10372340425531915
2 0.5289228723404256 0.6228390957446809 0.13541666666666666 0.12067819148936171
2 0.525709219858156 0.4478058510638298 0.14184397163120568 0.11502659574468085
2 0.5191710992907801 0.14594414893617022 0.1438386524822695 0.15558510638297873
0 0.5288120567375887 0.5334109042553191 0.14184397163120568 0.11203457446808511
0 0.532136524822695 0.7129321808510638 0.14184397163120568 0.11203457446808511
0 0.5366799645390071 0.9586103723404256 0.13453014184397163 0.08277925531914894
