0 0.5214982269503546 0.7406914893617021 0.14317375886524822 0.11236702127659574
0 0.534906914893617 0.1981382978723404 0.13453014184397163 0.10505319148936171
0 0.5219414893617021 0.6471077127659575 0.14184397163120568 0.11203457446808511
2 0.5350177304964538 0.11768617021276596 0.13430851063829788 0.10372340425531915
2 0.5289228723404256 0.3768284574468085 0.13541666666666666 0.12067819148936171
2 0.525709219858156 0.5518617021276596 0.14184397163120568 0.11502659574468085
2 0.5191710992907801 0.8537234042553191 0.1438386524822695 0.15558510638297873
0 0.5288120567375887 0.4662566489361702 0.14184397163120568 0.11203457446808511
0 0.532136524822695 0.2867353723404255 0.14184397163120568 0.11203457446808511
0 0.5366799645390071 0.04138962765957447 0.13453014184397163 0.08277925531914894
