0 0.4782801418439716 0.2589760638297872 0.14317375886524822 0.11236702127659574
0 0.4648714539007092 0.801529255319149 0.13453014184397163 0.10505319148936171
0 0.4778368794326241 0.3525598404255319 0.14184397163120568 0.11203457446808511
2 0.46476063829787234 0.8819813829787234 0.13430851063829788 0.10372340425531915
2 0.47085549645390073 0.6228390957446809 0.13541666666666666 0.12067819148936171
2 0.4740691489361702 0.4478058510638298 0.14184397163120568 0.11502659574468085
2 0.4806072695035461 0.14594414893617022 0.1438386524822695 0.15558510638297873
0 0.4709663120567376 0.5334109042553191 0.14184397163120568 0.11203457446808511
0 0.4676418439716312 0.7129321808510638 0.14184397163120568 0.11203457446808511
0 0.4630984042553192 0.9586103723404256 0.13453014184397163 0.08277925531914894
