0 0.4606604609929078 0.8133311170212766 0.10261524822695035 0.07945478723404255
0 0.46199024822695034 0.5789561170212766 0.1039450354609929 0.09275265957446809
2 0.4606604609929078 0.6954787234042553 0.10660460992907801 0.08909574468085106
2 0.46143617021276595 0.46060505319148937 0.1077127659574468 0.09009308510638298
2 0.4627659574468085 0.2682845744680851 0.1077127659574468 0.08776595744680851
2 0.4630984042553192 0.13929521276595744 0.10837765957446809 0.09175531914893617
0 0.4617686170212766 0.8688497340425532 0.10261524822695035 0.07945478723404255
0 0.46243351063829785 0.9227061170212766 0.10261524822695035 0.07945478723404255
2 0.4601063829787234 0.7544880319148937 0.10195035460992907 0.08410904255319149
0 0.4617686170212766 0.637466755319149 0.1039450354609929 0.09275265957446809
0 0.46043882978723405 0.519780585106383 0.1039450354609929 0.09275265957446809
0 0.4622118794326241 0.3854720744680851 0.1039450354609929 0.09275265957446809
0 0.46287677304964536 0.20528590425531915 0.1039450354609929 0.09275265957446809
0 0.4640957446808511 0.0728058510638298 0.10815602836879433 0.09375
0 0.46243351063829785 0.024933510638297872 0.10749113475177305 0.049867021276595744
