0 0.5391179078014184 0.18633643617021275 0.10261524822695035 0.07945478723404255
0 0.5377881205673759 0.4207114361702128 0.1039450354609929 0.09275265957446809
2 0.5391179078014184 0.30418882978723405 0.10660460992907801 0.08909574468085106
2 0.5383421985815603 0.5390625 0.1077127659574468 0.09009308510638298
2 0.5370124113475178 0.7313829787234043 0.1077127659574468 0.08776595744680851
2 0.5366799645390071 0.8603723404255319 0.10837765957446809 0.09175531914893617
0 0.5380097517730497 0.13081781914893617 0.10261524822695035 0.07945478723404255
0 0.5373448581560284 0.07696143617021277 0.10261524822695035 0.07945478723404255
2 0.5396719858156028 0.24517952127659576 0.10195035460992907 0.08410904255319149
0 0.5380097517730497 0.36220079787234044 0.1039450354609929 0.09275265957446809
0 0.5393395390070922 0.4798869680851064 0.1039450354609929 0.09275265957446809
0 0.5375664893617021 0.6141954787234043 0.1039450354609929 0.09275265957446809
0 0.5369015957446809 0.7943816489361702 0.1039450354609929 0.09275265957446809
0 0.5356826241134752 0.9268617021276596 0.10815602836879433 0.09375
0 0.5373448581560284 0.9747340425531915 0.10749113475177305 0.049867021276595744
