0 0.5090868794326241 0.5683178191489362 0.07313829787234043 0.0581781914893617
0 0.5106382978723404 0.5260970744680851 0.07358156028368794 0.06083776595744681
2 0.5140735815602837 0.386968085106383 0.07690602836879433 0.0678191489361702
2 0.5057624113475178 0.7069481382978723 0.07047872340425532 0.0555186170212766
2 0.5191710992907801 0.23354388297872342 0.08222517730496454 0.0867686170212766
0 0.5189494680851063 0.2967087765957447 0.07380319148936171 0.052194148936170214
0 0.515625 0.339594414893617 0.07468971631205673 0.061502659574468085
0 0.5145168439716312 0.4340093085106383 0.07468971631205673 0.061502659574468085
0 0.5123005319148937 0.480219414893617 0.07468971631205673 0.061502659574468085
2 0.5082003546099291 0.6138630319148937 0.07047872340425532 0.0555186170212766
0 0.5067597517730497 0.664561170212766 0.07335992907801418 0.049867021276595744
0 0.5062056737588653 0.7883976063829787 0.07313829787234043 0.0581781914893617
2 0.5035460992907801 0.7405252659574468 0.07047872340425532 0.0555186170212766
0 0.5015514184397163 0.8266289893617021 0.07313829787234043 0.0581781914893617
0 0.5004432624113475 0.8602061170212766 0.07313829787234043 0.0581781914893617
0 0.5006648936170213 0.9017619680851063 0.07313829787234043 0.0581781914893617
