0 0.49069148936170215 0.5683178191489362 0.07313829787234043 0.0581781914893617
0 0.4891400709219858 0.5260970744680851 0.07358156028368794 0.06083776595744681
2 0.48570478723404253 0.386968085106383 0.07690602836879433 0.0678191489361702
2 0.4940159574468085 0.7069481382978723 0.07047872340425532 0.0555186170212766
2 0.4806072695035461 0.23354388297872342 0.08222517730496454 0.0867686170212766
0 0.48082890070921985 0.2967087765957447 0.07380319148936171 0.052194148936170214
0 0.48415336879432624 0.339594414893617 0.07468971631205673 0.061502659574468085
0 0.485261524822695 0.4340093085106383 0.07468971631205673 0.061502659574468085
0 0.48747783687943264 0.480219414893617 0.07468971631205673 0.061502659574468085
2 0.49157801418439717 0.6138630319148937 0.07047872340425532 0.0555186170212766
0 0.4930186170212766 0.664561170212766 0.07335992907801418 0.049867021276595744
0 0.493572695035461 0.7883976063829787 0.07313829787234043 0.0581781914893617
2 0.4962322695035461 0.7405252659574468 0.07047872340425532 0.0555186170212766
0 0.49822695035460995 0.8266289893617021 0.07313829787234043 0.0581781914893617
0 0.49933510638297873 0.8602061170212766 0.07313829787234043 0.0581781914893617
0 0.499113475177305 0.9017619680851063 0.07313829787234043 0.0581781914893617
