2 0.16877216312056736 0.7245678191489362 0.07380319148936171 0.1579122340425532
2 0.3642508865248227 0.581781914893617 0.07158687943262411 0.14627659574468085
2 0.4929078014184397 0.49351728723404253 0.0726950354609929 0.1432845744680851
0 0.25177304964539005 0.6602393617021277 0.0775709219858156 0.15093085106382978
0 0.8746675531914894 0.926030585106383 0.08976063829787234 0.0954122340425532
0 0.8516179078014184 0.8592087765957447 0.08976063829787234 0.0954122340425532
0 0.8334441489361702 0.785405585106383 0.08976063829787234 0.0954122340425532
0 0.8103945035460993 0.7169215425531915 0.08976063829787234 0.0954122340425532
0 0.7884530141843972 0.644780585106383 0.08976063829787234 0.0954122340425532
0 0.772052304964539 0.5799534574468085 0.08976063829787234 0.0954122340425532
0 0.07712765957446809 0.796875 0.08111702127659574 0.15492021276595744
0 0.10283687943262411 0.7722739361702128 0.08111702127659574 0.15492021276595744
0 0.22362588652482268 0.6771941489361702 0.08111702127659574 0.15492021276595744
0 0.2754875886524823 0.6399601063829787 0.08111702127659574 0.15492021276595744
0 0.30474290780141844 0.621343085106383 0.08111702127659574 0.15492021276595744
0 0.43572695035460995 0.5279255319148937 0.08111702127659574 0.15492021276595744
0 0.6128102836879432 0.4165558510638298 0.06648936170212766 0.13962765957446807
0 0.6356382978723404 0.402593085106383 0.06648936170212766 0.13962765957446807
0 0.5941932624113475 0.4315159574468085 0.06648936170212766 0.13962765957446807
0 0.5651595744680851 0.4441489361702128 0.06648936170212766 0.13962765957446807
0 0.5410017730496454 0.46143617021276595 0.06648936170212766 0.13962765957446807
