2 0.16877216312056736 0.27509973404255317 0.07380319148936171 0.1579122340425532
2 0.3642508865248227 0.41788563829787234 0.07158687943262411 0.14627659574468085
2 0.4929078014184397 0.5061502659574468 0.0726950354609929 0.1432845744680851
0 0.25177304964539005 0.3394281914893617 0.0775709219858156 0.15093085106382978
0 0.8746675531914894 0.07363696808510638 0.08976063829787234 0.0954122340425532
0 0.8516179078014184 0.14045877659574468 0.08976063829787234 0.0954122340425532
0 0.8334441489361702 0.2142619680851064 0.08976063829787234 0.0954122340425532
0 0.8103945035460993 0.28274601063829785 0.08976063829787234 0.0954122340425532
0 0.7884530141843972 0.3548869680851064 0.08976063829787234 0.0954122340425532
0 0.772052304964539 0.4197140957446808 0.08976063829787234 0.0954122340425532
0 0.07712765957446809 0.20279255319148937 0.08111702127659574 0.15492021276595744
0 0.10283687943262411 0.22739361702127658 0.08111702127659574 0.15492021276595744
0 0.22362588652482268 0.3224734042553192 0.08111702127659574 0.15492021276595744
0 0.2754875886524823 0.35970744680851063 0.08111702127659574 0.15492021276595744
0 0.30474290780141844 0.3783244680851064 0.08111702127659574 0.15492021276595744
0 0.43572695035460995 0.47174202127659576 0.08111702127659574 0.15492021276595744
0 0.6128102836879432 0.5831117021276596 0.06648936170212766 0.13962765957446807
0 0.6356382978723404 0.5970744680851063 0.06648936170212766 0.13962765957446807
0 0.5941932624113475 0.5681515957446809 0.06648936170212766 0.13962765957446807
0 0.5651595744680851 0.5555186170212766 0.06648936170212766 0.13962765957446807
0 0.5410017730496454 0.5382313829787234 0.06648936170212766 0.13962765957446807
