2 0.8310062056737588 0.27509973404255317 0.07380319148936171 0.1579122340425532
2 0.6355274822695035 0.41788563829787234 0.07158687943262411 0.14627659574468085
2 0.5068705673758865 0.5061502659574468 0.0726950354609929 0.1432845744680851
0 0.7480053191489362 0.3394281914893617 0.0775709219858156 0.15093085106382978
0 0.12511081560283688 0.07363696808510638 0.08976063829787234 0.0954122340425532
0 0.1481604609929078 0.14045877659574468 0.08976063829787234 0.0954122340425532
0 0.16633421985815602 0.2142619680851064 0.08976063829787234 0.0954122340425532
0 0.18938386524822695 0.28274601063829785 0.08976063829787234 0.0954122340425532
0 0.21132535460992907 0.3548869680851064 0.08976063829787234 0.0954122340425532
0 0.22772606382978725 0.4197140957446808 0.08976063829787234 0.0954122340425532
0 0.9226507092198581 0.20279255319148937 0.08111702127659574 0.15492021276595744
0 0.8969414893617021 0.22739361702127658 0.08111702127659574 0.15492021276595744
0 0.7761524822695035 0.3224734042553192 0.08111702127659574 0.15492021276595744
0 0.724290780141844 0.35970744680851063 0.08111702127659574 0.15492021276595744
0 0.6950354609929078 0.3783244680851064 0.08111702127659574 0.15492021276595744
0 0.5640514184397163 0.47174202127659576 0.08111702127659574 0.15492021276595744
0 0.386968085106383 0.5831117021276596 0.06648936170212766 0.13962765957446807
0 0.3641400709219858 0.5970744680851063 0.06648936170212766 0.13962765957446807
0 0.40558510638297873 0.5681515957446809 0.06648936170212766 0.13962765957446807
0 0.4346187943262411 0.5555186170212766 0.06648936170212766 0.13962765957446807
0 0.4587765957446808 0.5382313829787234 0.06648936170212766 0.13962765957446807
