0 0.4814937943262411 0.6353058510638298 0.13408687943262412 0.11037234042553191
0 0.4821586879432624 0.5616688829787234 0.12655141843971632 0.10538563829787234
2 0.48038563829787234 0.901595744680851 0.1385195035460993 0.15159574468085107
2 0.4858156028368794 0.18882978723404256 0.1201241134751773 0.10505319148936171
2 0.48692375886524825 0.05103058510638298 0.11835106382978723 0.10206117021276596
2 0.48603723404255317 0.2623005319148936 0.1254432624113475 0.10305851063829788
2 0.48603723404255317 0.11851728723404255 0.1201241134751773 0.10339095744680851
2 0.4838209219858156 0.41356382978723405 0.12810283687943264 0.1023936170212766
2 0.47894503546099293 0.7167553191489362 0.1325354609929078 0.11170212765957446
0 0.4828235815602837 0.4852061170212766 0.12655141843971632 0.10538563829787234
0 0.4848182624113475 0.3371010638297872 0.12389184397163121 0.09441489361702128
0 0.47883421985815605 0.8056848404255319 0.13453014184397163 0.09940159574468085
