2 0.4966755319148936 0.49933510638297873 0.13918439716312056 0.28257978723404253
2 0.6212322695035462 0.5452127659574468 0.13918439716312056 0.28257978723404253
2 0.7524379432624113 0.5960771276595744 0.13918439716312056 0.293218085106383
0 0.8927304964539007 0.6537566489361702 0.13918439716312056 0.2995345744680851
0 0.1610150709219858 0.41023936170212766 0.11768617021276596 0.26396276595744683
0 0.20179521276595744 0.41456117021276595 0.11768617021276596 0.26396276595744683
0 0.24479166666666666 0.42386968085106386 0.11768617021276596 0.26396276595744683
0 0.284906914893617 0.43583776595744683 0.11768617021276596 0.26396276595744683
0 0.31704343971631205 0.45113031914893614 0.11768617021276596 0.26396276595744683
0 0.36114804964539005 0.46143617021276595 0.11768617021276596 0.26396276595744683
0 0.8620345744680851 0.5608377659574468 0.11768617021276596 0.26396276595744683
