2 0.5031028368794326 0.5003324468085106 0.13918439716312056 0.28257978723404253
2 0.37854609929078015 0.45445478723404253 0.13918439716312056 0.28257978723404253
2 0.2473404255319149 0.4035904255319149 0.13918439716312056 0.293218085106383
0 0.10704787234042554 0.3459109042553192 0.13918439716312056 0.2995345744680851
0 0.8387632978723404 0.5894281914893617 0.11768617021276596 0.26396276595744683
0 0.7979831560283688 0.5851063829787234 0.11768617021276596 0.26396276595744683
0 0.7549867021276596 0.5757978723404256 0.11768617021276596 0.26396276595744683
0 0.7148714539007093 0.5638297872340425 0.11768617021276596 0.26396276595744683
0 0.6827349290780141 0.5485372340425532 0.11768617021276596 0.26396276595744683
0 0.6386303191489362 0.5382313829787234 0.11768617021276596 0.26396276595744683
0 0.13774379432624115 0.43882978723404253 0.11768617021276596 0.26396276595744683
