0 0.5164007092198581 0.8497340425531915 0.17641843971631205 0.14694148936170212
0 0.49700797872340424 0.4265292553191489 0.16910460992907803 0.14162234042553193
2 0.5070921985815603 0.632313829787234 0.1697695035460993 0.1422872340425532
2 0.4839317375886525 0.05285904255319149 0.1633421985815603 0.10571808510638298
2 0.4904698581560284 0.23520611702127658 0.1671099290780142 0.1373005319148936
2 0.5105274822695035 0.7445146276595744 0.17176418439716312 0.14993351063829788
0 0.48792109929078015 0.1389627659574468 0.15802304964539007 0.1356382978723404
0 0.49501329787234044 0.32679521276595747 0.15802304964539007 0.1356382978723404
0 0.5035460992907801 0.5289228723404256 0.16666666666666666 0.1389627659574468
0 0.520279255319149 0.9441489361702128 0.17442375886524822 0.1110372340425532
