0 0.5033244680851063 0.8941156914893617 0.1023936170212766 0.08543882978723404
2 0.5028812056737588 0.4285239361702128 0.10948581560283688 0.09574468085106383
2 0.5023271276595744 0.5631648936170213 0.10660460992907801 0.08909574468085106
2 0.5034352836879432 0.6309840425531915 0.10660460992907801 0.09375
2 0.5033244680851063 0.6976396276595744 0.10593971631205673 0.08942819148936171
2 0.5026595744680851 0.956283244680851 0.10372340425531915 0.08410904255319149
2 0.503656914893617 0.3583776595744681 0.11281028368794327 0.09441489361702128
2 0.5028812056737588 0.7644614361702128 0.10726950354609929 0.08410904255319149
2 0.5035460992907801 0.19946808510638298 0.11436170212765957 0.12632978723404256
0 0.5011081560283688 0.8382646276595744 0.1023936170212766 0.06881648936170212
0 0.5037677304964538 0.2859042553191489 0.11081560283687943 0.0884308510638298
2 0.5039893617021277 0.4886968085106383 0.10948581560283688 0.09574468085106383
