0 0.4814937943262411 0.36436170212765956 0.13408687943262412 0.11037234042553191
0 0.4821586879432624 0.43799867021276595 0.12655141843971632 0.10538563829787234
2 0.48038563829787234 0.09807180851063829 0.1385195035460993 0.15159574468085107
2 0.4858156028368794 0.8108377659574468 0.1201241134751773 0.10505319148936171
2 0.48692375886524825 0.9493018617021277 0.11835106382978723 0.10206117021276596
2 0.48603723404255317 0.7373670212765957 0.1254432624113475 0.10305851063829788
2 0.48603723404255317 0.8811502659574468 0.1201241134751773 0.10339095744680851
2 0.4838209219858156 0.5861037234042553 0.12810283687943264 0.1023936170212766
2 0.47894503546099293 0.28291223404255317 0.1325354609929078 0.11170212765957446
0 0.4828235815602837 0.5144614361702128 0.12655141843971632 0.10538563829787234
0 0.4848182624113475 0.6625664893617021 0.12389184397163121 0.09441489361702128
0 0.47883421985815605 0.19398271276595744 0.13453014184397163 0.09940159574468085
