2 0.4966755319148936 0.5003324468085106 0.13918439716312056 0.28257978723404253
2 0.6212322695035462 0.45445478723404253 0.13918439716312056 0.28257978723404253
2 0.7524379432624113 0.4035904255319149 0.13918439716312056 0.293218085106383
0 0.8927304964539007 0.3459109042553192 0.13918439716312056 0.2995345744680851
0 0.1610150709219858 0.5894281914893617 0.11768617021276596 0.26396276595744683
0 0.20179521276595744 0.5851063829787234 0.11768617021276596 0.26396276595744683
0 0.24479166666666666 0.5757978723404256 0.11768617021276596 0.26396276595744683
0 0.284906914893617 0.5638297872340425 0.11768617021276596 0.26396276595744683
0 0.31704343971631205 0.5485372340425532 0.11768617021276596 0.26396276595744683
0 0.36114804964539005 0.5382313829787234 0.11768617021276596 0.26396276595744683
0 0.8620345744680851 0.43882978723404253 0.11768617021276596 0.26396276595744683
