0 0.49645390070921985 0.10555186170212766 0.1023936170212766 0.08543882978723404
2 0.49689716312056736 0.5711436170212766 0.10948581560283688 0.09574468085106383
2 0.49745124113475175 0.4365026595744681 0.10660460992907801 0.08909574468085106
2 0.496343085106383 0.36868351063829785 0.10660460992907801 0.09375
2 0.49645390070921985 0.3020279255319149 0.10593971631205673 0.08942819148936171
2 0.4971187943262411 0.0433843085106383 0.10372340425531915 0.08410904255319149
2 0.4961214539007092 0.6412898936170213 0.11281028368794327 0.09441489361702128
2 0.49689716312056736 0.23520611702127658 0.10726950354609929 0.08410904255319149
2 0.4962322695035461 0.8001994680851063 0.11436170212765957 0.12632978723404256
0 0.49867021276595747 0.1614029255319149 0.1023936170212766 0.06881648936170212
0 0.49601063829787234 0.7137632978723404 0.11081560283687943 0.0884308510638298
2 0.4957890070921986 0.510970744680851 0.10948581560283688 0.09574468085106383
