2 0.5031028368794326 0.49933510638297873 0.13918439716312056 0.28257978723404253
2 0.37854609929078015 0.5452127659574468 0.13918439716312056 0.28257978723404253
2 0.2473404255319149 0.5960771276595744 0.13918439716312056 0.293218085106383
0 0.10704787234042554 0.6537566489361702 0.13918439716312056 0.2995345744680851
0 0.8387632978723404 0.41023936170212766 0.11768617021276596 0.26396276595744683
0 0.7979831560283688 0.41456117021276595 0.11768617021276596 0.26396276595744683
0 0.7549867021276596 0.42386968085106386 0.11768617021276596 0.26396276595744683
0 0.7148714539007093 0.43583776595744683 0.11768617021276596 0.26396276595744683
0 0.6827349290780141 0.45113031914893614 0.11768617021276596 0.26396276595744683
0 0.6386303191489362 0.46143617021276595 0.11768617021276596 0.26396276595744683
0 0.13774379432624115 0.5608377659574468 0.11768617021276596 0.26396276595744683
