0 0.7788120567375887 0.7323803191489362 0.06382978723404255 0.13031914893617022
0 0.811613475177305 0.757313829787234 0.06560283687943262 0.13231382978723405
0 0.7173093971631206 0.6813497340425532 0.06449468085106383 0.1233377659574468
2 0.5623891843971631 0.565658244680851 0.0662677304964539 0.12865691489361702
2 0.5291445035460993 0.5450465425531915 0.06405141843971632 0.12400265957446809
2 0.5001108156028369 0.5216090425531915 0.06272163120567376 0.12433510638297872
0 0.2473404255319149 0.972406914893617 0.08156028368794327 0.05452127659574468
0 0.2670656028368794 0.9261968085106383 0.08067375886524823 0.09840425531914894
0 0.2883421985815603 0.8587101063829787 0.08067375886524823 0.09840425531914894
0 0.3087322695035461 0.793218085106383 0.08067375886524823 0.09840425531914894
0 0.33023049645390073 0.727061170212766 0.08067375886524823 0.09840425531914894
0 0.3507313829787234 0.6647273936170213 0.07956560283687943 0.09075797872340426
0 0.84552304964539 0.7822473404255319 0.06560283687943262 0.13231382978723405
0 0.8781028368794326 0.8098404255319149 0.06560283687943262 0.13231382978723405
0 0.9091312056737588 0.8361037234042553 0.06560283687943262 0.13231382978723405
0 0.9425975177304965 0.8613696808510638 0.06560283687943262 0.13231382978723405
0 0.9726285460992907 0.8899601063829787 0.05474290780141844 0.13031914893617022
0 0.6850620567375887 0.6592420212765957 0.06560283687943262 0.12699468085106383
0 0.6535904255319149 0.6363031914893617 0.06560283687943262 0.12699468085106383
0 0.6245567375886525 0.614029255319149 0.06560283687943262 0.12699468085106383
0 0.5944148936170213 0.5904255319148937 0.06560283687943262 0.12699468085106383
