0 0.5118572695035462 0.42386968085106386 0.1061613475177305 0.08976063829787234
0 0.5125221631205674 0.48371010638297873 0.10926418439716312 0.09175531914893617
2 0.5135195035460993 0.1424534574468085 0.10460992907801418 0.07945478723404255
2 0.5130762411347518 0.19680851063829788 0.10549645390070922 0.0884308510638298
2 0.5140735815602837 0.36569148936170215 0.10926418439716312 0.09242021276595745
2 0.5121897163120568 0.7548204787234043 0.1148049645390071 0.13996010638297873
0 0.5125221631205674 0.6690492021276596 0.1110372340425532 0.10006648936170212
0 0.5129654255319149 0.6058843085106383 0.1110372340425532 0.10006648936170212
0 0.5134086879432624 0.5447140957446809 0.1110372340425532 0.10006648936170212
2 0.5131870567375887 0.31117021276595747 0.10926418439716312 0.09242021276595745
0 0.5151817375886525 0.2569813829787234 0.10926418439716312 0.09175531914893617
0 0.5142952127659575 0.046210106382978726 0.10926418439716312 0.09175531914893617
2 0.5135195035460993 0.08942819148936171 0.10460992907801418 0.08577127659574468
