0 0.5118572695035462 0.5757978723404256 0.1061613475177305 0.08976063829787234
0 0.5125221631205674 0.5159574468085106 0.10926418439716312 0.09175531914893617
2 0.5135195035460993 0.8572140957446809 0.10460992907801418 0.07945478723404255
2 0.5130762411347518 0.8028590425531915 0.10549645390070922 0.0884308510638298
2 0.5140735815602837 0.6339760638297872 0.10926418439716312 0.09242021276595745
2 0.5121897163120568 0.2448470744680851 0.1148049645390071 0.13996010638297873
0 0.5125221631205674 0.3306183510638298 0.1110372340425532 0.10006648936170212
0 0.5129654255319149 0.3937832446808511 0.1110372340425532 0.10006648936170212
0 0.5134086879432624 0.4549534574468085 0.1110372340425532 0.10006648936170212
2 0.5131870567375887 0.6884973404255319 0.10926418439716312 0.09242021276595745
0 0.5151817375886525 0.742686170212766 0.10926418439716312 0.09175531914893617
0 0.5142952127659575 0.9534574468085106 0.10926418439716312 0.09175531914893617
2 0.5135195035460993 0.9102393617021277 0.10460992907801418 0.08577127659574468
