0 0.7788120567375887 0.26728723404255317 0.06382978723404255 0.13031914893617022
0 0.811613475177305 0.24235372340425532 0.06560283687943262 0.13231382978723405
0 0.7173093971631206 0.31831781914893614 0.06449468085106383 0.1233377659574468
2 0.5623891843971631 0.4340093085106383 0.0662677304964539 0.12865691489361702
2 0.5291445035460993 0.45462101063829785 0.06405141843971632 0.12400265957446809
2 0.5001108156028369 0.47805851063829785 0.06272163120567376 0.12433510638297872
0 0.2473404255319149 0.02726063829787234 0.08156028368794327 0.05452127659574468
0 0.2670656028368794 0.07347074468085106 0.08067375886524823 0.09840425531914894
0 0.2883421985815603 0.14095744680851063 0.08067375886524823 0.09840425531914894
0 0.3087322695035461 0.2064494680851064 0.08067375886524823 0.09840425531914894
0 0.33023049645390073 0.2726063829787234 0.08067375886524823 0.09840425531914894
0 0.3507313829787234 0.3349401595744681 0.07956560283687943 0.09075797872340426
0 0.84552304964539 0.21742021276595744 0.06560283687943262 0.13231382978723405
0 0.8781028368794326 0.18982712765957446 0.06560283687943262 0.13231382978723405
0 0.9091312056737588 0.16356382978723405 0.06560283687943262 0.13231382978723405
0 0.9425975177304965 0.13829787234042554 0.06560283687943262 0.13231382978723405
0 0.9726285460992907 0.10970744680851063 0.05474290780141844 0.13031914893617022
0 0.6850620567375887 0.3404255319148936 0.06560283687943262 0.12699468085106383
0 0.6535904255319149 0.36336436170212766 0.06560283687943262 0.12699468085106383
0 0.6245567375886525 0.38563829787234044 0.06560283687943262 0.12699468085106383
0 0.5944148936170213 0.40924202127659576 0.06560283687943262 0.12699468085106383
