0 0.22096631205673758 0.26728723404255317 0.06382978723404255 0.13031914893617022
0 0.18816489361702127 0.24235372340425532 0.06560283687943262 0.13231382978723405
0 0.28246897163120566 0.31831781914893614 0.06449468085106383 0.1233377659574468
2 0.4373891843971631 0.4340093085106383 0.0662677304964539 0.12865691489361702
2 0.4706338652482269 0.45462101063829785 0.06405141843971632 0.12400265957446809
2 0.49966755319148937 0.47805851063829785 0.06272163120567376 0.12433510638297872
0 0.7524379432624113 0.02726063829787234 0.08156028368794327 0.05452127659574468
0 0.7327127659574468 0.07347074468085106 0.08067375886524823 0.09840425531914894
0 0.711436170212766 0.14095744680851063 0.08067375886524823 0.09840425531914894
0 0.6910460992907801 0.2064494680851064 0.08067375886524823 0.09840425531914894
0 0.6695478723404256 0.2726063829787234 0.08067375886524823 0.09840425531914894
0 0.6490469858156028 0.3349401595744681 0.07956560283687943 0.09075797872340426
0 0.15425531914893617 0.21742021276595744 0.06560283687943262 0.13231382978723405
0 0.12167553191489362 0.18982712765957446 0.06560283687943262 0.13231382978723405
0 0.09064716312056738 0.16356382978723405 0.06560283687943262 0.13231382978723405
0 0.057180851063829786 0.13829787234042554 0.06560283687943262 0.13231382978723405
0 0.02737145390070922 0.10970744680851063 0.05474290780141844 0.13031914893617022
0 0.3147163120567376 0.3404255319148936 0.06560283687943262 0.12699468085106383
0 0.34618794326241137 0.36336436170212766 0.06560283687943262 0.12699468085106383
0 0.37522163120567376 0.38563829787234044 0.06560283687943262 0.12699468085106383
0 0.405363475177305 0.40924202127659576 0.06560283687943262 0.12699468085106383
