0 0.48792109929078015 0.5757978723404256 0.1061613475177305 0.08976063829787234
0 0.4872562056737589 0.5159574468085106 0.10926418439716312 0.09175531914893617
2 0.4862588652482269 0.8572140957446809 0.10460992907801418 0.07945478723404255
2 0.4867021276595745 0.8028590425531915 0.10549645390070922 0.0884308510638298
2 0.48570478723404253 0.6339760638297872 0.10926418439716312 0.09242021276595745
2 0.4875886524822695 0.2448470744680851 0.1148049645390071 0.13996010638297873
0 0.4872562056737589 0.3306183510638298 0.1110372340425532 0.10006648936170212
0 0.48681294326241137 0.3937832446808511 0.1110372340425532 0.10006648936170212
0 0.48636968085106386 0.4549534574468085 0.1110372340425532 0.10006648936170212
2 0.4865913120567376 0.6884973404255319 0.10926418439716312 0.09242021276595745
0 0.48459663120567376 0.742686170212766 0.10926418439716312 0.09175531914893617
0 0.4854831560283688 0.9534574468085106 0.10926418439716312 0.09175531914893617
2 0.4862588652482269 0.9102393617021277 0.10460992907801418 0.08577127659574468
