0 0.48792109929078015 0.42386968085106386 0.1061613475177305 0.08976063829787234
0 0.4872562056737589 0.48371010638297873 0.10926418439716312 0.09175531914893617
2 0.4862588652482269 0.1424534574468085 0.10460992907801418 0.07945478723404255
2 0.4867021276595745 0.19680851063829788 0.10549645390070922 0.0884308510638298
2 0.48570478723404253 0.36569148936170215 0.10926418439716312 0.09242021276595745
2 0.4875886524822695 0.7548204787234043 0.1148049645390071 0.13996010638297873
0 0.4872562056737589 0.6690492021276596 0.1110372340425532 0.10006648936170212
0 0.48681294326241137 0.6058843085106383 0.1110372340425532 0.10006648936170212
0 0.48636968085106386 0.5447140957446809 0.1110372340425532 0.10006648936170212
2 0.4865913120567376 0.31117021276595747 0.10926418439716312 0.09242021276595745
0 0.48459663120567376 0.2569813829787234 0.10926418439716312 0.09175531914893617
0 0.4854831560283688 0.046210106382978726 0.10926418439716312 0.09175531914893617
2 0.4862588652482269 0.08942819148936171 0.10460992907801418 0.08577127659574468
