0 0.16777482269503546 0.8917885638297872 0.125 0.19913563829787234
0 0.6836214539007093 0.2943816489361702 0.13541666666666666 0.2144281914893617
0 0.31648936170212766 0.7232380319148937 0.1201241134751773 0.21509308510638298
1 0.5228280141843972 0.46492686170212766 0.09131205673758866 0.17918882978723405
0 0.7372562056737588 0.2282247340425532 0.13541666666666666 0.2144281914893617
0 0.6319813829787234 0.35787898936170215 0.13541666666666666 0.2144281914893617
0 0.4327349290780142 0.6038896276595744 0.13541666666666666 0.2144281914893617
0 0.2272828014184397 0.840591755319149 0.13541666666666666 0.2144281914893617
0 0.37367021276595747 0.6653922872340425 0.1201241134751773 0.21509308510638298
0 0.10726950354609929 0.9232047872340425 0.10638297872340426 0.1535904255319149
