0 0.16777482269503546 0.10787898936170212 0.125 0.19913563829787234
0 0.6836214539007093 0.7052859042553191 0.13541666666666666 0.2144281914893617
0 0.31648936170212766 0.27642952127659576 0.1201241134751773 0.21509308510638298
1 0.5228280141843972 0.5347406914893617 0.09131205673758866 0.17918882978723405
0 0.7372562056737588 0.7714428191489362 0.13541666666666666 0.2144281914893617
0 0.6319813829787234 0.6417885638297872 0.13541666666666666 0.2144281914893617
0 0.4327349290780142 0.3957779255319149 0.13541666666666666 0.2144281914893617
0 0.2272828014184397 0.1590757978723404 0.13541666666666666 0.2144281914893617
0 0.37367021276595747 0.33427526595744683 0.1201241134751773 0.21509308510638298
0 0.10726950354609929 0.07679521276595745 0.10638297872340426 0.1535904255319149
