0 0.8320035460992907 0.10787898936170212 0.125 0.19913563829787234
0 0.316156914893617 0.7052859042553191 0.13541666666666666 0.2144281914893617
0 0.6832890070921985 0.27642952127659576 0.1201241134751773 0.21509308510638298
1 0.4769503546099291 0.5347406914893617 0.09131205673758866 0.17918882978723405
0 0.26252216312056736 0.7714428191489362 0.13541666666666666 0.2144281914893617
0 0.36779698581560283 0.6417885638297872 0.13541666666666666 0.2144281914893617
0 0.5670434397163121 0.3957779255319149 0.13541666666666666 0.2144281914893617
0 0.7724955673758865 0.1590757978723404 0.13541666666666666 0.2144281914893617
0 0.6261081560283688 0.33427526595744683 0.1201241134751773 0.21509308510638298
0 0.8925088652482269 0.07679521276595745 0.10638297872340426 0.1535904255319149
