0 0.8320035460992907 0.8917885638297872 0.125 0.19913563829787234
0 0.316156914893617 0.2943816489361702 0.13541666666666666 0.2144281914893617
0 0.6832890070921985 0.7232380319148937 0.1201241134751773 0.21509308510638298
1 0.4769503546099291 0.46492686170212766 0.09131205673758866 0.17918882978723405
0 0.26252216312056736 0.2282247340425532 0.13541666666666666 0.2144281914893617
0 0.36779698581560283 0.35787898936170215 0.13541666666666666 0.2144281914893617
0 0.5670434397163121 0.6038896276595744 0.13541666666666666 0.2144281914893617
0 0.7724955673758865 0.840591755319149 0.13541666666666666 0.2144281914893617
0 0.6261081560283688 0.6653922872340425 0.1201241134751773 0.21509308510638298
0 0.8925088652482269 0.9232047872340425 0.10638297872340426 0.1535904255319149
