0 0.6643395390070922 0.7381981382978723 0.1464982269503546 0.25498670212765956
0 0.7717198581560284 0.8487367021276596 0.15780141843971632 0.26063829787234044
1 0.40226063829787234 0.520279255319149 0.13120567375886524 0.20678191489361702
1 0.5600620567375887 0.6344747340425532 0.13874113475177305 0.25299202127659576
0 0.8267952127659575 0.8917885638297872 0.15846631205673758 0.21575797872340424
0 0.7185283687943262 0.7875664893617021 0.15780141843971632 0.26063829787234044
0 0.03945035460992908 0.9461436170212766 0.07890070921985816 0.10704787234042554
0 0.07147606382978723 0.8214760638297872 0.14295212765957446 0.20545212765957446
0 0.13065159574468085 0.699468085106383 0.14295212765957446 0.20545212765957446
0 0.18738918439716312 0.5894281914893617 0.13807624113475178 0.20279255319148937
