0 0.33543882978723405 0.261469414893617 0.1464982269503546 0.25498670212765956
0 0.22805851063829788 0.15093085106382978 0.15780141843971632 0.26063829787234044
1 0.5975177304964538 0.47938829787234044 0.13120567375886524 0.20678191489361702
1 0.4397163120567376 0.36519281914893614 0.13874113475177305 0.25299202127659576
0 0.1729831560283688 0.10787898936170212 0.15846631205673758 0.21575797872340424
0 0.28125 0.21210106382978725 0.15780141843971632 0.26063829787234044
0 0.9605496453900709 0.05352393617021277 0.07890070921985816 0.10704787234042554
0 0.9285239361702128 0.17819148936170212 0.14295212765957446 0.20545212765957446
0 0.8691267730496454 0.3001994680851064 0.14295212765957446 0.20545212765957446
0 0.8123891843971631 0.41023936170212766 0.13807624113475178 0.20279255319148937
