0 0.39614427860696516 0.4967228464419476 0.0845771144278607 0.19382022471910113
1 0.5127487562189055 0.4627808988764045 0.09017412935323384 0.20365168539325842
0 0.9415422885572139 0.31320224719101125 0.1150497512437811 0.21067415730337077
0 0.8861940298507462 0.323501872659176 0.09825870646766169 0.2050561797752809
0 0.8418843283582089 0.3441011235955056 0.09732587064676616 0.2050561797752809
0 0.8005286069651741 0.3651685393258427 0.09732587064676616 0.20973782771535582
0 0.7587064676616916 0.3780430711610487 0.09577114427860696 0.2102059925093633
0 0.7175062189054726 0.3920880149812734 0.09235074626865672 0.20739700374531836
0 0.6730410447761194 0.4091760299625468 0.09483830845771145 0.20880149812734083
0 0.6338619402985075 0.4199438202247191 0.09421641791044776 0.20880149812734083
0 0.5928171641791045 0.43211610486891383 0.08924129353233831 0.21161048689138576
0 0.5536380597014925 0.4461610486891386 0.08924129353233831 0.21161048689138576
0 0.4763681592039801 0.4758895131086142 0.09577114427860696 0.1952247191011236
0 0.43330223880597013 0.4866573033707865 0.0861318407960199 0.19147940074906367
0 0.35447761194029853 0.5088951310861424 0.0845771144278607 0.19382022471910113
0 0.3168532338308458 0.5201310861423221 0.0845771144278607 0.19382022471910113
0 0.2789179104477612 0.5327715355805244 0.0845771144278607 0.19382022471910113
0 0.24036069651741293 0.5411985018726592 0.0845771144278607 0.19382022471910113
