0 0.5668478260869565 0.46467391304347827 0.016666666666666666 0.0483695652173913
1 0.5213768115942029 0.46616847826086955 0.014130434782608696 0.04646739130434783
0 0.6292572463768116 0.46779891304347826 0.021557971014492753 0.04592391304347826
0 0.6116847826086956 0.4675271739130435 0.021557971014492753 0.04592391304347826
0 0.5968297101449276 0.4658967391304348 0.021557971014492753 0.04592391304347826
0 0.5807065217391304 0.46616847826086955 0.021557971014492753 0.04592391304347826
0 0.5515398550724637 0.4645380434782609 0.021557971014492753 0.04592391304347826
0 0.5372282608695652 0.46426630434782606 0.021557971014492753 0.04592391304347826
0 0.507518115942029 0.4650815217391304 0.021557971014492753 0.04592391304347826
0 0.49320652173913043 0.46535326086956524 0.021557971014492753 0.04592391304347826
0 0.47708333333333336 0.4658967391304348 0.021557971014492753 0.04592391304347826
0 0.5497282608695652 0.46182065217391305 0.021557971014492753 0.04592391304347826
0 0.4473731884057971 0.468070652173913 0.021557971014492753 0.04592391304347826
