0 0.5281405472636815 0.2708333333333333 0.12842039800995025 0.09691011235955056
1 0.523320895522388 0.5 0.12064676616915423 0.0898876404494382
0 0.533271144278607 0.028323970037453183 0.12997512437810946 0.05664794007490637
0 0.5359141791044776 0.09152621722846442 0.12842039800995025 0.09691011235955056
0 0.53125 0.18047752808988765 0.12842039800995025 0.09691011235955056
0 0.5281405472636815 0.34901685393258425 0.12842039800995025 0.09691011235955056
0 0.5262748756218906 0.43000936329588013 0.12842039800995025 0.09691011235955056
0 0.5219216417910447 0.5915262172284644 0.12842039800995025 0.09691011235955056
0 0.5200559701492538 0.6701779026217228 0.12842039800995025 0.09691011235955056
0 0.5191231343283582 0.7511704119850188 0.12842039800995025 0.09691011235955056
0 0.5181902985074627 0.8330992509363296 0.12842039800995025 0.09691011235955056
0 0.5150808457711443 0.911750936329588 0.12842039800995025 0.09691011235955056
0 0.5113495024875622 0.9676966292134831 0.11909203980099503 0.06460674157303371
