0 0.6035447761194029 0.5028089887640449 0.0845771144278607 0.19382022471910113
1 0.4869402985074627 0.536750936329588 0.09017412935323384 0.20365168539325842
0 0.05814676616915423 0.6863295880149812 0.1150497512437811 0.21067415730337077
0 0.1134950248756219 0.6760299625468165 0.09825870646766169 0.2050561797752809
0 0.1578047263681592 0.6554307116104869 0.09732587064676616 0.2050561797752809
0 0.19916044776119404 0.6343632958801498 0.09732587064676616 0.20973782771535582
0 0.24098258706467662 0.6214887640449438 0.09577114427860696 0.2102059925093633
0 0.28218283582089554 0.6074438202247191 0.09235074626865672 0.20739700374531836
0 0.32664800995024873 0.5903558052434457 0.09483830845771145 0.20880149812734083
0 0.3658271144278607 0.5795880149812734 0.09421641791044776 0.20880149812734083
0 0.4068718905472637 0.5674157303370787 0.08924129353233831 0.21161048689138576
0 0.4460509950248756 0.5533707865168539 0.08924129353233831 0.21161048689138576
0 0.523320895522388 0.5236423220973783 0.09577114427860696 0.1952247191011236
0 0.566386815920398 0.512874531835206 0.0861318407960199 0.19147940074906367
0 0.6452114427860697 0.49063670411985016 0.0845771144278607 0.19382022471910113
0 0.6828358208955224 0.4794007490636704 0.0845771144278607 0.19382022471910113
0 0.720771144278607 0.46676029962546817 0.0845771144278607 0.19382022471910113
0 0.7593283582089553 0.4583333333333333 0.0845771144278607 0.19382022471910113
