0 0.6083644278606966 0.14185393258426968 0.11162935323383084 0.09082397003745318
0 0.6088308457711443 0.30500936329588013 0.11069651741293532 0.08380149812734082
1 0.6085199004975125 0.4791666666666667 0.11194029850746269 0.0800561797752809
1 0.6072761194029851 0.8195224719101124 0.11878109452736318 0.08848314606741572
0 0.6057213930348259 0.9070692883895131 0.11069651741293532 0.08380149812734082
0 0.6047885572139303 0.9740168539325843 0.10820895522388059 0.05102996254681648
0 0.6047885572139303 0.7324438202247191 0.11069651741293532 0.08380149812734082
0 0.6066542288557214 0.6420880149812734 0.11069651741293532 0.08380149812734082
0 0.6069651741293532 0.5620318352059925 0.11069651741293532 0.08380149812734082
0 0.6068097014925373 0.3967696629213483 0.11100746268656717 0.09129213483146068
0 0.6064987562189055 0.22916666666666666 0.11100746268656717 0.09129213483146068
0 0.6080534825870647 0.0625 0.11100746268656717 0.09129213483146068
