0 0.49414794007490637 0.802860696517413 0.273876404494382 0.09390547263681592
0 0.45529026217228463 0.1501865671641791 0.2804307116104869 0.10509950248756218
1 0.4901685393258427 0.5230099502487562 0.24344569288389514 0.10820895522388059
1 0.475187265917603 0.3737562189054726 0.2687265917602996 0.10199004975124377
1 0.4866573033707865 0.6655783582089553 0.27574906367041196 0.09856965174129353
0 0.45435393258426965 0.06467661691542288 0.2804307116104869 0.10509950248756218
0 0.45903558052434457 0.22667910447761194 0.2804307116104869 0.10509950248756218
0 0.5035112359550562 0.8666044776119403 0.2804307116104869 0.10509950248756218
0 0.5035112359550562 0.9331467661691543 0.2804307116104869 0.10509950248756218
0 0.5086610486891385 0.9704601990049752 0.2701310861423221 0.05907960199004975
