0 0.5053838951310862 0.19682835820895522 0.273876404494382 0.09390547263681592
0 0.5442415730337079 0.849502487562189 0.2804307116104869 0.10509950248756218
1 0.5093632958801498 0.4766791044776119 0.24344569288389514 0.10820895522388059
1 0.5243445692883895 0.6259328358208955 0.2687265917602996 0.10199004975124377
1 0.512874531835206 0.33411069651741293 0.27574906367041196 0.09856965174129353
0 0.5451779026217228 0.9350124378109452 0.2804307116104869 0.10509950248756218
0 0.540496254681648 0.7730099502487562 0.2804307116104869 0.10509950248756218
0 0.49602059925093633 0.13308457711442787 0.2804307116104869 0.10509950248756218
0 0.49602059925093633 0.06654228855721393 0.2804307116104869 0.10509950248756218
0 0.49087078651685395 0.029539800995024876 0.2701310861423221 0.05907960199004975
