0 0.5099864130434782 0.36156351791530944 0.06915760869565217 0.048859934853420196
1 0.5125679347826086 0.5415309446254072 0.06779891304347826 0.04560260586319218
0 0.5097146739130435 0.3024226384364821 0.06508152173913044 0.06535016286644951
0 0.5103940217391304 0.4017711726384365 0.06372282608695652 0.05435667752442997
0 0.5106657608695652 0.4473737785016287 0.06372282608695652 0.05435667752442997
0 0.5106657608695652 0.49460504885993484 0.06372282608695652 0.05435667752442997
0 0.5106657608695652 0.5854030944625407 0.06372282608695652 0.05435667752442997
0 0.5106657608695652 0.6310057003257329 0.06372282608695652 0.05435667752442997
0 0.5106657608695652 0.6753868078175895 0.06372282608695652 0.05435667752442997
0 0.510258152173913 0.722007328990228 0.06372282608695652 0.05435667752442997
0 0.5105298913043478 0.7676099348534202 0.06372282608695652 0.05435667752442997
0 0.5105298913043478 0.8148412052117264 0.06372282608695652 0.05435667752442997
0 0.5098505434782609 0.8604438110749185 0.06372282608695652 0.05435667752442997
