0 0.16495646766169153 0.6664325842696629 0.06809701492537314 0.16807116104868913
0 0.21703980099502487 0.639747191011236 0.06965174129353234 0.16807116104868913
0 0.2728544776119403 0.6081460674157303 0.07182835820895522 0.16385767790262173
1 0.48678482587064675 0.4967228464419476 0.058768656716417914 0.1647940074906367
1 0.4326803482587065 0.528558052434457 0.0625 0.15823970037453183
1 0.378886815920398 0.550561797752809 0.06374378109452736 0.1647940074906367
0 0.3216728855721393 0.5838014981273408 0.07182835820895522 0.16385767790262173
0 0.10867537313432836 0.700374531835206 0.07182835820895522 0.16385767790262173
0 0.05581467661691542 0.7303370786516854 0.07182835820895522 0.16385767790262173
0 0.018345771144278607 0.7621722846441947 0.03669154228855721 0.16385767790262173
