0 0.3268342391304348 0.47577361563517917 0.052309782608695655 0.16530944625407165
0 0.6100543478260869 0.48340798045602607 0.050543478260869565 0.15818403908794787
0 0.46793478260869564 0.48055781758957655 0.059782608695652176 0.16103420195439738
2 0.2188179347826087 0.47221091205211724 0.07567934782608696 0.16958469055374592
0 0.4171195652173913 0.47628257328990226 0.059782608695652176 0.16103420195439738
0 0.37105978260869565 0.47750407166123776 0.059782608695652176 0.16103420195439738
0 0.27567934782608694 0.47872557003257327 0.059782608695652176 0.16103420195439738
0 0.5100543478260869 0.48259364820846906 0.059782608695652176 0.16103420195439738
0 0.558695652173913 0.47831840390879476 0.059782608695652176 0.16103420195439738
0 0.6525815217391304 0.48218648208469056 0.059782608695652176 0.16103420195439738
0 0.6959239130434782 0.4823900651465798 0.059782608695652176 0.16103420195439738
0 0.7410326086956521 0.4862581433224756 0.059782608695652176 0.16103420195439738
0 0.7884510869565218 0.48381514657980457 0.059782608695652176 0.16103420195439738
