0 0.43937265917602997 0.40345149253731344 0.17368913857677903 0.0625
0 0.45575842696629215 0.7089552238805971 0.16432584269662923 0.061567164179104475
0 0.4541198501872659 0.6338619402985075 0.16104868913857678 0.06374378109452736
2 0.45014044943820225 0.5593905472636815 0.1699438202247191 0.06343283582089553
2 0.4353932584269663 0.2248134328358209 0.17696629213483145 0.08955223880597014
0 0.43796816479400746 0.31965174129353235 0.17743445692883894 0.06529850746268656
0 0.4375 0.3585199004975124 0.17743445692883894 0.06529850746268656
0 0.44358614232209737 0.4399875621890547 0.17743445692883894 0.06529850746268656
0 0.4417134831460674 0.47699004975124376 0.17743445692883894 0.06529850746268656
0 0.43703183520599254 0.48009950248756217 0.17743445692883894 0.06529850746268656
0 0.45575842696629215 0.7453358208955224 0.16526217228464418 0.06529850746268656
0 0.4576310861423221 0.7795398009950248 0.16526217228464418 0.06529850746268656
0 0.4580992509363296 0.8199626865671642 0.16526217228464418 0.06529850746268656
