0 0.42485955056179775 0.2049129353233831 0.19803370786516855 0.06840796019900497
1 0.43164794007490637 0.3956778606965174 0.1956928838951311 0.06498756218905473
0 0.42602996254681647 0.021455223880597014 0.20131086142322097 0.04291044776119403
0 0.4229868913857678 0.07151741293532338 0.19803370786516855 0.06840796019900497
0 0.4262640449438202 0.13619402985074627 0.19803370786516855 0.06840796019900497
0 0.42579588014981273 0.27487562189054726 0.19803370786516855 0.06840796019900497
0 0.4276685393258427 0.33053482587064675 0.19803370786516855 0.06840796019900497
0 0.4272003745318352 0.4577114427860697 0.19803370786516855 0.06840796019900497
0 0.4211142322097378 0.5143034825870647 0.19803370786516855 0.06840796019900497
0 0.42579588014981273 0.5771144278606966 0.19803370786516855 0.06840796019900497
0 0.43047752808988765 0.5802238805970149 0.19803370786516855 0.06840796019900497
0 0.4229868913857678 0.7002487562189055 0.19803370786516855 0.06840796019900497
0 0.4234550561797753 0.7587064676616916 0.19803370786516855 0.06840796019900497
0 0.4229868913857678 0.8152985074626866 0.19803370786516855 0.06840796019900497
