0 0.31757246376811593 0.46494565217391304 0.04565217391304348 0.15380434782608696
0 0.4095108695652174 0.46141304347826084 0.049818840579710144 0.15217391304347827
0 0.5941123188405797 0.46059782608695654 0.04692028985507246 0.1592391304347826
0 0.5009963768115943 0.46141304347826084 0.04873188405797101 0.15380434782608696
2 0.7433876811594203 0.4610054347826087 0.07010869565217391 0.1611413043478261
0 0.6841485507246376 0.4589673913043478 0.04692028985507246 0.1592391304347826
0 0.6401268115942029 0.46168478260869567 0.04692028985507246 0.1592391304347826
0 0.5486413043478261 0.46195652173913043 0.04692028985507246 0.1592391304347826
0 0.4553442028985507 0.4622282608695652 0.04692028985507246 0.1592391304347826
0 0.36440217391304347 0.46494565217391304 0.04692028985507246 0.1592391304347826
0 0.27291666666666664 0.46603260869565216 0.04692028985507246 0.1592391304347826
0 0.22490942028985508 0.4627717391304348 0.04692028985507246 0.1592391304347826
0 0.1792572463768116 0.46467391304347827 0.04692028985507246 0.1592391304347826
