0 0.32292954264524104 0.5814814814814815 0.08220024721878863 0.21296296296296297
1 0.619592088998764 0.47453703703703703 0.07601977750309023 0.15092592592592594
0 0.3946229913473424 0.5583333333333333 0.08220024721878863 0.21296296296296297
0 0.4663164400494438 0.5333333333333333 0.08220024721878863 0.21296296296296297
0 0.5411001236093943 0.5138888888888888 0.08220024721878863 0.21296296296296297
0 0.24629171817058096 0.6064814814814815 0.08220024721878863 0.21296296296296297
0 0.1684177997527812 0.6287037037037037 0.08220024721878863 0.21296296296296297
0 0.0911619283065513 0.6546296296296297 0.08220024721878863 0.21296296296296297
0 0.031211372064276884 0.6796296296296296 0.06242274412855377 0.21296296296296297
0 0.8714462299134734 0.6615740740740741 0.14091470951792337 0.11018518518518519
0 0.8671199011124846 0.7486111111111111 0.14091470951792337 0.11018518518518519
0 0.8621755253399258 0.8152777777777778 0.14091470951792337 0.11018518518518519
0 0.8547589616810878 0.8967592592592593 0.14091470951792337 0.11018518518518519
0 0.8491965389369592 0.961574074074074 0.13967861557478367 0.07685185185185185
