0 0.6822463768115942 0.5347826086956522 0.04565217391304348 0.15380434782608696
0 0.5903079710144927 0.5383152173913044 0.049818840579710144 0.15217391304347827
0 0.4057065217391304 0.5391304347826087 0.04692028985507246 0.1592391304347826
0 0.49882246376811595 0.5383152173913044 0.04873188405797101 0.15380434782608696
2 0.2564311594202899 0.5387228260869565 0.07010869565217391 0.1611413043478261
0 0.31567028985507245 0.5407608695652174 0.04692028985507246 0.1592391304347826
0 0.35969202898550723 0.5380434782608695 0.04692028985507246 0.1592391304347826
0 0.45117753623188406 0.5377717391304347 0.04692028985507246 0.1592391304347826
0 0.5444746376811594 0.5375 0.04692028985507246 0.1592391304347826
0 0.6354166666666666 0.5347826086956522 0.04692028985507246 0.1592391304347826
0 0.7269021739130435 0.533695652173913 0.04692028985507246 0.1592391304347826
0 0.7749094202898551 0.5369565217391304 0.04692028985507246 0.1592391304347826
0 0.8205615942028985 0.535054347826087 0.04692028985507246 0.1592391304347826
