0 0.43937265917602997 0.5962375621890548 0.17368913857677903 0.0625
0 0.45575842696629215 0.29073383084577115 0.16432584269662923 0.061567164179104475
0 0.4541198501872659 0.3658271144278607 0.16104868913857678 0.06374378109452736
2 0.45014044943820225 0.44029850746268656 0.1699438202247191 0.06343283582089553
2 0.4353932584269663 0.7748756218905473 0.17696629213483145 0.08955223880597014
0 0.43796816479400746 0.6800373134328358 0.17743445692883894 0.06529850746268656
0 0.4375 0.6411691542288557 0.17743445692883894 0.06529850746268656
0 0.44358614232209737 0.5597014925373134 0.17743445692883894 0.06529850746268656
0 0.4417134831460674 0.5226990049751243 0.17743445692883894 0.06529850746268656
0 0.43703183520599254 0.519589552238806 0.17743445692883894 0.06529850746268656
0 0.45575842696629215 0.2543532338308458 0.16526217228464418 0.06529850746268656
0 0.4576310861423221 0.22014925373134328 0.16526217228464418 0.06529850746268656
0 0.4580992509363296 0.17972636815920398 0.16526217228464418 0.06529850746268656
