0 0.5668478260869565 0.535054347826087 0.016666666666666666 0.0483695652173913
1 0.5213768115942029 0.5335597826086956 0.014130434782608696 0.04646739130434783
0 0.6292572463768116 0.5319293478260869 0.021557971014492753 0.04592391304347826
0 0.6116847826086956 0.5322010869565217 0.021557971014492753 0.04592391304347826
0 0.5968297101449276 0.5338315217391304 0.021557971014492753 0.04592391304347826
0 0.5807065217391304 0.5335597826086956 0.021557971014492753 0.04592391304347826
0 0.5515398550724637 0.5351902173913043 0.021557971014492753 0.04592391304347826
0 0.5372282608695652 0.5354619565217391 0.021557971014492753 0.04592391304347826
0 0.507518115942029 0.5346467391304348 0.021557971014492753 0.04592391304347826
0 0.49320652173913043 0.534375 0.021557971014492753 0.04592391304347826
0 0.47708333333333336 0.5338315217391304 0.021557971014492753 0.04592391304347826
0 0.5497282608695652 0.5379076086956521 0.021557971014492753 0.04592391304347826
0 0.4473731884057971 0.5316576086956522 0.021557971014492753 0.04592391304347826
