0 0.4329710144927536 0.46467391304347827 0.016666666666666666 0.0483695652173913
1 0.47844202898550725 0.46616847826086955 0.014130434782608696 0.04646739130434783
0 0.3705615942028985 0.46779891304347826 0.021557971014492753 0.04592391304347826
0 0.38813405797101447 0.4675271739130435 0.021557971014492753 0.04592391304347826
0 0.4029891304347826 0.4658967391304348 0.021557971014492753 0.04592391304347826
0 0.4191123188405797 0.46616847826086955 0.021557971014492753 0.04592391304347826
0 0.4482789855072464 0.4645380434782609 0.021557971014492753 0.04592391304347826
0 0.46259057971014494 0.46426630434782606 0.021557971014492753 0.04592391304347826
0 0.49230072463768115 0.4650815217391304 0.021557971014492753 0.04592391304347826
0 0.5066123188405797 0.46535326086956524 0.021557971014492753 0.04592391304347826
0 0.5227355072463769 0.4658967391304348 0.021557971014492753 0.04592391304347826
0 0.45009057971014493 0.46182065217391305 0.021557971014492753 0.04592391304347826
0 0.5524456521739131 0.468070652173913 0.021557971014492753 0.04592391304347826
