0 0.4793571217929814 0.296791970084629 0.10704806841639634 0.030702617594961623
0 0.4653494544382188 0.4704782523125369 0.10970215275729873 0.03601653217870498
0 0.47051017398997347 0.4123204093682346 0.10586847537599528 0.034245227317457196
0 0.4740489531111766 0.3538673489470577 0.10822766145679741 0.03267073410745916
2 0.46004128575641406 0.5656366856917929 0.1073429666764966 0.052745522534934065
0 0.4650545561781185 0.5009840582562488 0.10970215275729873 0.03601653217870498
2 0.4621055735771159 0.5286360952568392 0.10439398407549395 0.03503247392245621
2 0.4680035387791212 0.44164534540444794 0.10439398407549395 0.03503247392245621
0 0.4725744618106753 0.3851604014957685 0.10586847537599528 0.034245227317457196
0 0.4764081391919788 0.3276913993308404 0.10586847537599528 0.034245227317457196
0 0.47965202005308166 0.30013776815587484 0.10586847537599528 0.034245227317457196
0 0.4805367148333825 0.2694351505609132 0.10586847537599528 0.034245227317457196
0 0.48319079917428487 0.24070064947844913 0.10586847537599528 0.034245227317457196
0 0.4837805956944854 0.21216296004723478 0.10586847537599528 0.034245227317457196
