0 0.6730298913043479 0.47577361563517917 0.052309782608695655 0.16530944625407165
0 0.38980978260869564 0.48340798045602607 0.050543478260869565 0.15818403908794787
0 0.5319293478260869 0.48055781758957655 0.059782608695652176 0.16103420195439738
2 0.7810461956521739 0.47221091205211724 0.07567934782608696 0.16958469055374592
0 0.5827445652173913 0.47628257328990226 0.059782608695652176 0.16103420195439738
0 0.628804347826087 0.47750407166123776 0.059782608695652176 0.16103420195439738
0 0.7241847826086957 0.47872557003257327 0.059782608695652176 0.16103420195439738
0 0.4898097826086957 0.48259364820846906 0.059782608695652176 0.16103420195439738
0 0.4411684782608696 0.47831840390879476 0.059782608695652176 0.16103420195439738
0 0.3472826086956522 0.48218648208469056 0.059782608695652176 0.16103420195439738
0 0.30394021739130433 0.4823900651465798 0.059782608695652176 0.16103420195439738
0 0.25883152173913043 0.4862581433224756 0.059782608695652176 0.16103420195439738
0 0.21141304347826087 0.48381514657980457 0.059782608695652176 0.16103420195439738
