2 0.626358695652174 0.33743892508143325 0.08125 0.11828175895765472
0 0.4019701086956522 0.566571661237785 0.0764945652173913 0.09446254071661238
0 0.3859375 0.5036644951140065 0.0764945652173913 0.09446254071661238
0 0.37221467391304347 0.441571661237785 0.0764945652173913 0.09446254071661238
0 0.3582880434782609 0.3777483713355049 0.07690217391304348 0.0877442996742671
0 0.34456521739130436 0.31402687296416937 0.07690217391304348 0.0877442996742671
0 0.33084239130434784 0.25458061889250816 0.07690217391304348 0.0877442996742671
0 0.3171195652173913 0.18495521172638438 0.07690217391304348 0.0877442996742671
0 0.3044836956521739 0.12123371335504886 0.07690217391304348 0.0877442996742671
0 0.2907608695652174 0.05669788273615635 0.07690217391304348 0.0877442996742671
