0 0.6764524103831892 0.41759259259259257 0.08220024721878863 0.21296296296296297
1 0.37978986402966625 0.524537037037037 0.07601977750309023 0.15092592592592594
0 0.6047589616810878 0.44074074074074077 0.08220024721878863 0.21296296296296297
0 0.5330655129789864 0.46574074074074073 0.08220024721878863 0.21296296296296297
0 0.45828182941903584 0.48518518518518516 0.08220024721878863 0.21296296296296297
0 0.7530902348578492 0.3925925925925926 0.08220024721878863 0.21296296296296297
0 0.830964153275649 0.37037037037037035 0.08220024721878863 0.21296296296296297
0 0.9082200247218789 0.34444444444444444 0.08220024721878863 0.21296296296296297
0 0.9681705809641533 0.3194444444444444 0.06242274412855377 0.21296296296296297
0 0.12793572311495674 0.3375 0.14091470951792337 0.11018518518518519
0 0.13226205191594562 0.25046296296296294 0.14091470951792337 0.11018518518518519
0 0.13720642768850433 0.1837962962962963 0.14091470951792337 0.11018518518518519
0 0.1446229913473424 0.10231481481481482 0.14091470951792337 0.11018518518518519
0 0.15018541409147096 0.038425925925925926 0.13967861557478367 0.07685185185185185
