0 0.6764524103831892 0.5814814814814815 0.08220024721878863 0.21296296296296297
1 0.37978986402966625 0.47453703703703703 0.07601977750309023 0.15092592592592594
0 0.6047589616810878 0.5583333333333333 0.08220024721878863 0.21296296296296297
0 0.5330655129789864 0.5333333333333333 0.08220024721878863 0.21296296296296297
0 0.45828182941903584 0.5138888888888888 0.08220024721878863 0.21296296296296297
0 0.7530902348578492 0.6064814814814815 0.08220024721878863 0.21296296296296297
0 0.830964153275649 0.6287037037037037 0.08220024721878863 0.21296296296296297
0 0.9082200247218789 0.6546296296296297 0.08220024721878863 0.21296296296296297
0 0.9681705809641533 0.6796296296296296 0.06242274412855377 0.21296296296296297
0 0.12793572311495674 0.6615740740740741 0.14091470951792337 0.11018518518518519
0 0.13226205191594562 0.7486111111111111 0.14091470951792337 0.11018518518518519
0 0.13720642768850433 0.8152777777777778 0.14091470951792337 0.11018518518518519
0 0.1446229913473424 0.8967592592592593 0.14091470951792337 0.11018518518518519
0 0.15018541409147096 0.961574074074074 0.13967861557478367 0.07685185185185185
