0 0.4938179347826087 0.36543159609120524 0.09089673913043478 0.06188925081433225
1 0.49904891304347826 0.6006718241042345 0.0875 0.06046416938110749
0 0.48994565217391306 0.048859934853420196 0.09130434782608696 0.09609120521172639
0 0.49116847826086957 0.12479641693811075 0.09157608695652174 0.06881107491856678
0 0.4936141304347826 0.1854641693811075 0.09157608695652174 0.06881107491856678
0 0.4927989130434783 0.24450325732899023 0.09157608695652174 0.06881107491856678
0 0.49307065217391305 0.306799674267101 0.09157608695652174 0.06881107491856678
0 0.49497282608695653 0.4212133550488599 0.09157608695652174 0.06881107491856678
0 0.4952445652173913 0.4818811074918567 0.09157608695652174 0.06881107491856678
0 0.49551630434782606 0.5384771986970684 0.09157608695652174 0.06881107491856678
0 0.4971467391304348 0.6591001628664495 0.09239130434782608 0.061278501628664495
0 0.4957880434782609 0.7134568403908795 0.09239130434782608 0.061278501628664495
0 0.49741847826086955 0.779621335504886 0.08967391304347826 0.07308631921824105
