0 0.8347325870646766 0.3330992509363296 0.06809701492537314 0.16807116104868913
0 0.7826492537313433 0.35978464419475653 0.06965174129353234 0.16807116104868913
0 0.7268345771144279 0.3913857677902622 0.07182835820895522 0.16385767790262173
1 0.5129042288557214 0.5028089887640449 0.058768656716417914 0.1647940074906367
1 0.5670087064676617 0.47097378277153557 0.0625 0.15823970037453183
1 0.6208022388059702 0.44897003745318353 0.06374378109452736 0.1647940074906367
0 0.6780161691542289 0.4157303370786517 0.07182835820895522 0.16385767790262173
0 0.8910136815920398 0.2991573033707865 0.07182835820895522 0.16385767790262173
0 0.9438743781094527 0.26919475655430714 0.07182835820895522 0.16385767790262173
0 0.9816542288557214 0.23735955056179775 0.03669154228855721 0.16385767790262173
