0 0.6802309782608695 0.5283998371335505 0.050407608695652174 0.14678338762214985
0 0.5164402173913043 0.5338965798045603 0.051358695652173915 0.15166938110749187
0 0.43532608695652175 0.5351180781758957 0.04456521739130435 0.1561482084690554
2 0.30203804347826085 0.5409201954397395 0.0625 0.15472312703583063
0 0.8015625 0.5241245928338762 0.050407608695652174 0.14678338762214985
0 0.7609375 0.5253460912052117 0.050407608695652174 0.14678338762214985
0 0.717866847826087 0.525549674267101 0.050407608695652174 0.14678338762214985
0 0.6390625 0.5294177524429967 0.050407608695652174 0.14678338762214985
0 0.5972146739130435 0.5314535830618893 0.050407608695652174 0.14678338762214985
0 0.5578125 0.5334894136807817 0.050407608695652174 0.14678338762214985
0 0.4707201086956522 0.5347109120521173 0.050407608695652174 0.14678338762214985
0 0.3908288043478261 0.53939332247557 0.050407608695652174 0.14678338762214985
0 0.3502038043478261 0.5414291530944625 0.050407608695652174 0.14678338762214985
