0 0.5746722846441947 0.7947761194029851 0.19803370786516855 0.06840796019900497
1 0.5678838951310862 0.6040111940298507 0.1956928838951311 0.06498756218905473
0 0.5735018726591761 0.9782338308457711 0.20131086142322097 0.04291044776119403
0 0.5765449438202247 0.9281716417910447 0.19803370786516855 0.06840796019900497
0 0.5732677902621723 0.8634950248756219 0.19803370786516855 0.06840796019900497
0 0.5737359550561798 0.7248134328358209 0.19803370786516855 0.06840796019900497
0 0.5718632958801498 0.6691542288557214 0.19803370786516855 0.06840796019900497
0 0.5723314606741573 0.5419776119402985 0.19803370786516855 0.06840796019900497
0 0.5784176029962547 0.4853855721393035 0.19803370786516855 0.06840796019900497
0 0.5737359550561798 0.42257462686567165 0.19803370786516855 0.06840796019900497
0 0.5690543071161048 0.41946517412935325 0.19803370786516855 0.06840796019900497
0 0.5765449438202247 0.2994402985074627 0.19803370786516855 0.06840796019900497
0 0.5760767790262172 0.24098258706467662 0.19803370786516855 0.06840796019900497
0 0.5765449438202247 0.1843905472636816 0.19803370786516855 0.06840796019900497
