0 0.32292954264524104 0.41759259259259257 0.08220024721878863 0.21296296296296297
1 0.619592088998764 0.524537037037037 0.07601977750309023 0.15092592592592594
0 0.3946229913473424 0.44074074074074077 0.08220024721878863 0.21296296296296297
0 0.4663164400494438 0.46574074074074073 0.08220024721878863 0.21296296296296297
0 0.5411001236093943 0.48518518518518516 0.08220024721878863 0.21296296296296297
0 0.24629171817058096 0.3925925925925926 0.08220024721878863 0.21296296296296297
0 0.1684177997527812 0.37037037037037035 0.08220024721878863 0.21296296296296297
0 0.0911619283065513 0.34444444444444444 0.08220024721878863 0.21296296296296297
0 0.031211372064276884 0.3194444444444444 0.06242274412855377 0.21296296296296297
0 0.8714462299134734 0.3375 0.14091470951792337 0.11018518518518519
0 0.8671199011124846 0.25046296296296294 0.14091470951792337 0.11018518518518519
0 0.8621755253399258 0.1837962962962963 0.14091470951792337 0.11018518518518519
0 0.8547589616810878 0.10231481481481482 0.14091470951792337 0.11018518518518519
0 0.8491965389369592 0.038425925925925926 0.13967861557478367 0.07685185185185185
