0 0.5099864130434782 0.6382328990228013 0.06915760869565217 0.048859934853420196
1 0.5125679347826086 0.4582654723127036 0.06779891304347826 0.04560260586319218
0 0.5097146739130435 0.6973737785016286 0.06508152173913044 0.06535016286644951
0 0.5103940217391304 0.5980252442996743 0.06372282608695652 0.05435667752442997
0 0.5106657608695652 0.5524226384364821 0.06372282608695652 0.05435667752442997
0 0.5106657608695652 0.5051913680781759 0.06372282608695652 0.05435667752442997
0 0.5106657608695652 0.41439332247557004 0.06372282608695652 0.05435667752442997
0 0.5106657608695652 0.36879071661237783 0.06372282608695652 0.05435667752442997
0 0.5106657608695652 0.3244096091205212 0.06372282608695652 0.05435667752442997
0 0.510258152173913 0.27778908794788276 0.06372282608695652 0.05435667752442997
0 0.5105298913043478 0.23218648208469056 0.06372282608695652 0.05435667752442997
0 0.5105298913043478 0.18495521172638438 0.06372282608695652 0.05435667752442997
0 0.5098505434782609 0.13935260586319217 0.06372282608695652 0.05435667752442997
