0 0.4793571217929814 0.7030112182641213 0.10704806841639634 0.030702617594961623
0 0.4653494544382188 0.5293249360362133 0.10970215275729873 0.03601653217870498
0 0.47051017398997347 0.5874827789805156 0.10586847537599528 0.034245227317457196
0 0.4740489531111766 0.6459358394016926 0.10822766145679741 0.03267073410745916
2 0.46004128575641406 0.4341665026569573 0.1073429666764966 0.052745522534934065
0 0.4650545561781185 0.49881913009250145 0.10970215275729873 0.03601653217870498
2 0.4621055735771159 0.471167093091911 0.10439398407549395 0.03503247392245621
2 0.4680035387791212 0.5581578429443023 0.10439398407549395 0.03503247392245621
0 0.4725744618106753 0.6146427868529817 0.10586847537599528 0.034245227317457196
0 0.4764081391919788 0.6721117890179099 0.10586847537599528 0.034245227317457196
0 0.47965202005308166 0.6996654201928754 0.10586847537599528 0.034245227317457196
0 0.4805367148333825 0.730368037787837 0.10586847537599528 0.034245227317457196
0 0.48319079917428487 0.7591025388703011 0.10586847537599528 0.034245227317457196
0 0.4837805956944854 0.7876402283015155 0.10586847537599528 0.034245227317457196
