0 0.39614427860696516 0.5028089887640449 0.0845771144278607 0.19382022471910113
1 0.5127487562189055 0.536750936329588 0.09017412935323384 0.20365168539325842
0 0.9415422885572139 0.6863295880149812 0.1150497512437811 0.21067415730337077
0 0.8861940298507462 0.6760299625468165 0.09825870646766169 0.2050561797752809
0 0.8418843283582089 0.6554307116104869 0.09732587064676616 0.2050561797752809
0 0.8005286069651741 0.6343632958801498 0.09732587064676616 0.20973782771535582
0 0.7587064676616916 0.6214887640449438 0.09577114427860696 0.2102059925093633
0 0.7175062189054726 0.6074438202247191 0.09235074626865672 0.20739700374531836
0 0.6730410447761194 0.5903558052434457 0.09483830845771145 0.20880149812734083
0 0.6338619402985075 0.5795880149812734 0.09421641791044776 0.20880149812734083
0 0.5928171641791045 0.5674157303370787 0.08924129353233831 0.21161048689138576
0 0.5536380597014925 0.5533707865168539 0.08924129353233831 0.21161048689138576
0 0.4763681592039801 0.5236423220973783 0.09577114427860696 0.1952247191011236
0 0.43330223880597013 0.512874531835206 0.0861318407960199 0.19147940074906367
0 0.35447761194029853 0.49063670411985016 0.0845771144278607 0.19382022471910113
0 0.3168532338308458 0.4794007490636704 0.0845771144278607 0.19382022471910113
0 0.2789179104477612 0.46676029962546817 0.0845771144278607 0.19382022471910113
0 0.24036069651741293 0.4583333333333333 0.0845771144278607 0.19382022471910113
