0 0.6730298913043479 0.5240228013029316 0.052309782608695655 0.16530944625407165
0 0.38980978260869564 0.5163884364820847 0.050543478260869565 0.15818403908794787
0 0.5319293478260869 0.5192385993485342 0.059782608695652176 0.16103420195439738
2 0.7810461956521739 0.5275855048859935 0.07567934782608696 0.16958469055374592
0 0.5827445652173913 0.5235138436482085 0.059782608695652176 0.16103420195439738
0 0.628804347826087 0.522292345276873 0.059782608695652176 0.16103420195439738
0 0.7241847826086957 0.5210708469055375 0.059782608695652176 0.16103420195439738
0 0.4898097826086957 0.5172027687296417 0.059782608695652176 0.16103420195439738
0 0.4411684782608696 0.521478013029316 0.059782608695652176 0.16103420195439738
0 0.3472826086956522 0.5176099348534202 0.059782608695652176 0.16103420195439738
0 0.30394021739130433 0.5174063517915309 0.059782608695652176 0.16103420195439738
0 0.25883152173913043 0.5135382736156352 0.059782608695652176 0.16103420195439738
0 0.21141304347826087 0.5159812703583062 0.059782608695652176 0.16103420195439738
