0 0.6083644278606966 0.8576779026217228 0.11162935323383084 0.09082397003745318
0 0.6088308457711443 0.6945224719101124 0.11069651741293532 0.08380149812734082
1 0.6085199004975125 0.5203651685393258 0.11194029850746269 0.0800561797752809
1 0.6072761194029851 0.18000936329588016 0.11878109452736318 0.08848314606741572
0 0.6057213930348259 0.0924625468164794 0.11069651741293532 0.08380149812734082
0 0.6047885572139303 0.02551498127340824 0.10820895522388059 0.05102996254681648
0 0.6047885572139303 0.2670880149812734 0.11069651741293532 0.08380149812734082
0 0.6066542288557214 0.3574438202247191 0.11069651741293532 0.08380149812734082
0 0.6069651741293532 0.4375 0.11069651741293532 0.08380149812734082
0 0.6068097014925373 0.6027621722846442 0.11100746268656717 0.09129213483146068
0 0.6064987562189055 0.7703651685393258 0.11100746268656717 0.09129213483146068
0 0.6080534825870647 0.9370318352059925 0.11100746268656717 0.09129213483146068
