0 0.5601591760299626 0.5962375621890548 0.17368913857677903 0.0625
0 0.5437734082397003 0.29073383084577115 0.16432584269662923 0.061567164179104475
0 0.5454119850187266 0.3658271144278607 0.16104868913857678 0.06374378109452736
2 0.5493913857677902 0.44029850746268656 0.1699438202247191 0.06343283582089553
2 0.5641385767790262 0.7748756218905473 0.17696629213483145 0.08955223880597014
0 0.5615636704119851 0.6800373134328358 0.17743445692883894 0.06529850746268656
0 0.5620318352059925 0.6411691542288557 0.17743445692883894 0.06529850746268656
0 0.5559456928838952 0.5597014925373134 0.17743445692883894 0.06529850746268656
0 0.5578183520599251 0.5226990049751243 0.17743445692883894 0.06529850746268656
0 0.5625 0.519589552238806 0.17743445692883894 0.06529850746268656
0 0.5437734082397003 0.2543532338308458 0.16526217228464418 0.06529850746268656
0 0.5419007490636704 0.22014925373134328 0.16526217228464418 0.06529850746268656
0 0.5414325842696629 0.17972636815920398 0.16526217228464418 0.06529850746268656
