0 0.6035447761194029 0.4967228464419476 0.0845771144278607 0.19382022471910113
1 0.4869402985074627 0.4627808988764045 0.09017412935323384 0.20365168539325842
0 0.05814676616915423 0.31320224719101125 0.1150497512437811 0.21067415730337077
0 0.1134950248756219 0.323501872659176 0.09825870646766169 0.2050561797752809
0 0.1578047263681592 0.3441011235955056 0.09732587064676616 0.2050561797752809
0 0.19916044776119404 0.3651685393258427 0.09732587064676616 0.20973782771535582
0 0.24098258706467662 0.3780430711610487 0.09577114427860696 0.2102059925093633
0 0.28218283582089554 0.3920880149812734 0.09235074626865672 0.20739700374531836
0 0.32664800995024873 0.4091760299625468 0.09483830845771145 0.20880149812734083
0 0.3658271144278607 0.4199438202247191 0.09421641791044776 0.20880149812734083
0 0.4068718905472637 0.43211610486891383 0.08924129353233831 0.21161048689138576
0 0.4460509950248756 0.4461610486891386 0.08924129353233831 0.21161048689138576
0 0.523320895522388 0.4758895131086142 0.09577114427860696 0.1952247191011236
0 0.566386815920398 0.4866573033707865 0.0861318407960199 0.19147940074906367
0 0.6452114427860697 0.5088951310861424 0.0845771144278607 0.19382022471910113
0 0.6828358208955224 0.5201310861423221 0.0845771144278607 0.19382022471910113
0 0.720771144278607 0.5327715355805244 0.0845771144278607 0.19382022471910113
0 0.7593283582089553 0.5411985018726592 0.0845771144278607 0.19382022471910113
