2 0.37350543478260867 0.6623574918566775 0.08125 0.11828175895765472
0 0.5978940217391304 0.43322475570032576 0.0764945652173913 0.09446254071661238
0 0.6139266304347826 0.49613192182410426 0.0764945652173913 0.09446254071661238
0 0.6276494565217391 0.5582247557003257 0.0764945652173913 0.09446254071661238
0 0.6415760869565217 0.6220480456026058 0.07690217391304348 0.0877442996742671
0 0.6552989130434783 0.6857695439739414 0.07690217391304348 0.0877442996742671
0 0.6690217391304348 0.7452157980456026 0.07690217391304348 0.0877442996742671
0 0.6827445652173914 0.8148412052117264 0.07690217391304348 0.0877442996742671
0 0.6953804347826087 0.8785627035830619 0.07690217391304348 0.0877442996742671
0 0.7091032608695652 0.9430985342019544 0.07690217391304348 0.0877442996742671
