0 0.319633152173913 0.47139657980456023 0.050407608695652174 0.14678338762214985
0 0.48342391304347826 0.4658998371335505 0.051358695652173915 0.15166938110749187
0 0.5645380434782609 0.464678338762215 0.04456521739130435 0.1561482084690554
2 0.6978260869565217 0.4588762214983713 0.0625 0.15472312703583063
0 0.1983016304347826 0.47567182410423453 0.050407608695652174 0.14678338762214985
0 0.2389266304347826 0.474450325732899 0.050407608695652174 0.14678338762214985
0 0.28199728260869567 0.47424674267100975 0.050407608695652174 0.14678338762214985
0 0.3608016304347826 0.470378664495114 0.050407608695652174 0.14678338762214985
0 0.4026494565217391 0.4683428338762215 0.050407608695652174 0.14678338762214985
0 0.4420516304347826 0.466307003257329 0.050407608695652174 0.14678338762214985
0 0.5291440217391304 0.4650855048859935 0.050407608695652174 0.14678338762214985
0 0.6090353260869565 0.46040309446254074 0.050407608695652174 0.14678338762214985
0 0.6496603260869566 0.45836726384364823 0.050407608695652174 0.14678338762214985
