0 0.3268342391304348 0.5240228013029316 0.052309782608695655 0.16530944625407165
0 0.6100543478260869 0.5163884364820847 0.050543478260869565 0.15818403908794787
0 0.46793478260869564 0.5192385993485342 0.059782608695652176 0.16103420195439738
2 0.2188179347826087 0.5275855048859935 0.07567934782608696 0.16958469055374592
0 0.4171195652173913 0.5235138436482085 0.059782608695652176 0.16103420195439738
0 0.37105978260869565 0.522292345276873 0.059782608695652176 0.16103420195439738
0 0.27567934782608694 0.5210708469055375 0.059782608695652176 0.16103420195439738
0 0.5100543478260869 0.5172027687296417 0.059782608695652176 0.16103420195439738
0 0.558695652173913 0.521478013029316 0.059782608695652176 0.16103420195439738
0 0.6525815217391304 0.5176099348534202 0.059782608695652176 0.16103420195439738
0 0.6959239130434782 0.5174063517915309 0.059782608695652176 0.16103420195439738
0 0.7410326086956521 0.5135382736156352 0.059782608695652176 0.16103420195439738
0 0.7884510869565218 0.5159812703583062 0.059782608695652176 0.16103420195439738
