2 0.37350543478260867 0.33743892508143325 0.08125 0.11828175895765472
0 0.5978940217391304 0.566571661237785 0.0764945652173913 0.09446254071661238
0 0.6139266304347826 0.5036644951140065 0.0764945652173913 0.09446254071661238
0 0.6276494565217391 0.441571661237785 0.0764945652173913 0.09446254071661238
0 0.6415760869565217 0.3777483713355049 0.07690217391304348 0.0877442996742671
0 0.6552989130434783 0.31402687296416937 0.07690217391304348 0.0877442996742671
0 0.6690217391304348 0.25458061889250816 0.07690217391304348 0.0877442996742671
0 0.6827445652173914 0.18495521172638438 0.07690217391304348 0.0877442996742671
0 0.6953804347826087 0.12123371335504886 0.07690217391304348 0.0877442996742671
0 0.7091032608695652 0.05669788273615635 0.07690217391304348 0.0877442996742671
