0 0.8923007246376812 0.4876358695652174 0.06394927536231884 0.1654891304347826
2 0.3381340579710145 0.4652173913043478 0.06829710144927537 0.17282608695652174
2 0.8387681159420289 0.4875 0.060144927536231886 0.16793478260869565
2 0.7834239130434782 0.48532608695652174 0.06358695652173912 0.16847826086956522
2 0.7288949275362319 0.48043478260869565 0.06539855072463768 0.16521739130434782
2 0.6785326086956521 0.48029891304347827 0.057789855072463765 0.17472826086956522
2 0.6202898550724638 0.478125 0.06340579710144928 0.16929347826086957
2 0.5656702898550725 0.47432065217391306 0.06105072463768116 0.16766304347826086
2 0.5092391304347826 0.47105978260869563 0.06304347826086956 0.1703804347826087
2 0.4538949275362319 0.4688858695652174 0.06177536231884058 0.17201086956521738
2 0.3942934782608696 0.46915760869565215 0.08206521739130435 0.17146739130434782
2 0.27509057971014494 0.46671195652173914 0.08278985507246377 0.17309782608695654
