0 0.5203479799469183 0.7030112182641213 0.10704806841639634 0.030702617594961623
0 0.534355647301681 0.5293249360362133 0.10970215275729873 0.03601653217870498
0 0.5291949277499263 0.5874827789805156 0.10586847537599528 0.034245227317457196
0 0.5256561486287231 0.6459358394016926 0.10822766145679741 0.03267073410745916
2 0.5396638159834857 0.4341665026569573 0.1073429666764966 0.052745522534934065
0 0.5346505455617812 0.49881913009250145 0.10970215275729873 0.03601653217870498
2 0.5375995281627839 0.471167093091911 0.10439398407549395 0.03503247392245621
2 0.5317015629607785 0.5581578429443023 0.10439398407549395 0.03503247392245621
0 0.5271306399292244 0.6146427868529817 0.10586847537599528 0.034245227317457196
0 0.523296962547921 0.6721117890179099 0.10586847537599528 0.034245227317457196
0 0.5200530816868181 0.6996654201928754 0.10586847537599528 0.034245227317457196
0 0.5191683869065172 0.730368037787837 0.10586847537599528 0.034245227317457196
0 0.5165143025656148 0.7591025388703011 0.10586847537599528 0.034245227317457196
0 0.5159245060454143 0.7876402283015155 0.10586847537599528 0.034245227317457196
