0 0.8923007246376812 0.5120923913043478 0.06394927536231884 0.1654891304347826
2 0.3381340579710145 0.5345108695652174 0.06829710144927537 0.17282608695652174
2 0.8387681159420289 0.5122282608695652 0.060144927536231886 0.16793478260869565
2 0.7834239130434782 0.5144021739130434 0.06358695652173912 0.16847826086956522
2 0.7288949275362319 0.5192934782608696 0.06539855072463768 0.16521739130434782
2 0.6785326086956521 0.519429347826087 0.057789855072463765 0.17472826086956522
2 0.6202898550724638 0.5216032608695652 0.06340579710144928 0.16929347826086957
2 0.5656702898550725 0.5254076086956522 0.06105072463768116 0.16766304347826086
2 0.5092391304347826 0.5286684782608696 0.06304347826086956 0.1703804347826087
2 0.4538949275362319 0.5308423913043478 0.06177536231884058 0.17201086956521738
2 0.3942934782608696 0.5305706521739131 0.08206521739130435 0.17146739130434782
2 0.27509057971014494 0.5330163043478261 0.08278985507246377 0.17309782608695654
