0 0.6802309782608695 0.47139657980456023 0.050407608695652174 0.14678338762214985
0 0.5164402173913043 0.4658998371335505 0.051358695652173915 0.15166938110749187
0 0.43532608695652175 0.464678338762215 0.04456521739130435 0.1561482084690554
2 0.30203804347826085 0.4588762214983713 0.0625 0.15472312703583063
0 0.8015625 0.47567182410423453 0.050407608695652174 0.14678338762214985
0 0.7609375 0.474450325732899 0.050407608695652174 0.14678338762214985
0 0.717866847826087 0.47424674267100975 0.050407608695652174 0.14678338762214985
0 0.6390625 0.470378664495114 0.050407608695652174 0.14678338762214985
0 0.5972146739130435 0.4683428338762215 0.050407608695652174 0.14678338762214985
0 0.5578125 0.466307003257329 0.050407608695652174 0.14678338762214985
0 0.4707201086956522 0.4650855048859935 0.050407608695652174 0.14678338762214985
0 0.3908288043478261 0.46040309446254074 0.050407608695652174 0.14678338762214985
0 0.3502038043478261 0.45836726384364823 0.050407608695652174 0.14678338762214985
