0 0.47154850746268656 0.7286985018726592 0.12842039800995025 0.09691011235955056
1 0.4763681592039801 0.49953183520599254 0.12064676616915423 0.0898876404494382
0 0.4664179104477612 0.9712078651685393 0.12997512437810946 0.05664794007490637
0 0.46377487562189057 0.9080056179775281 0.12842039800995025 0.09691011235955056
0 0.46843905472636815 0.8190543071161048 0.12842039800995025 0.09691011235955056
0 0.47154850746268656 0.6505149812734082 0.12842039800995025 0.09691011235955056
0 0.47341417910447764 0.5695224719101124 0.12842039800995025 0.09691011235955056
0 0.4777674129353234 0.4080056179775281 0.12842039800995025 0.09691011235955056
0 0.47963308457711445 0.32935393258426965 0.12842039800995025 0.09691011235955056
0 0.48056592039800994 0.2483614232209738 0.12842039800995025 0.09691011235955056
0 0.4814987562189055 0.16643258426966293 0.12842039800995025 0.09691011235955056
0 0.4846082089552239 0.0877808988764045 0.12842039800995025 0.09691011235955056
0 0.488339552238806 0.032303370786516857 0.11909203980099503 0.06460674157303371
