0 0.42485955056179775 0.7947761194029851 0.19803370786516855 0.06840796019900497
1 0.43164794007490637 0.6040111940298507 0.1956928838951311 0.06498756218905473
0 0.42602996254681647 0.9782338308457711 0.20131086142322097 0.04291044776119403
0 0.4229868913857678 0.9281716417910447 0.19803370786516855 0.06840796019900497
0 0.4262640449438202 0.8634950248756219 0.19803370786516855 0.06840796019900497
0 0.42579588014981273 0.7248134328358209 0.19803370786516855 0.06840796019900497
0 0.4276685393258427 0.6691542288557214 0.19803370786516855 0.06840796019900497
0 0.4272003745318352 0.5419776119402985 0.19803370786516855 0.06840796019900497
0 0.4211142322097378 0.4853855721393035 0.19803370786516855 0.06840796019900497
0 0.42579588014981273 0.42257462686567165 0.19803370786516855 0.06840796019900497
0 0.43047752808988765 0.41946517412935325 0.19803370786516855 0.06840796019900497
0 0.4229868913857678 0.2994402985074627 0.19803370786516855 0.06840796019900497
0 0.4234550561797753 0.24098258706467662 0.19803370786516855 0.06840796019900497
0 0.4229868913857678 0.1843905472636816 0.19803370786516855 0.06840796019900497
