0 0.10751811594202898 0.4876358695652174 0.06394927536231884 0.1654891304347826
2 0.6616847826086957 0.4652173913043478 0.06829710144927537 0.17282608695652174
2 0.16105072463768116 0.4875 0.060144927536231886 0.16793478260869565
2 0.21639492753623188 0.48532608695652174 0.06358695652173912 0.16847826086956522
2 0.27092391304347824 0.48043478260869565 0.06539855072463768 0.16521739130434782
2 0.32128623188405797 0.48029891304347827 0.057789855072463765 0.17472826086956522
2 0.3795289855072464 0.478125 0.06340579710144928 0.16929347826086957
2 0.4341485507246377 0.47432065217391306 0.06105072463768116 0.16766304347826086
2 0.4905797101449275 0.47105978260869563 0.06304347826086956 0.1703804347826087
2 0.5459239130434783 0.4688858695652174 0.06177536231884058 0.17201086956521738
2 0.6055253623188406 0.46915760869565215 0.08206521739130435 0.17146739130434782
2 0.7247282608695652 0.46671195652173914 0.08278985507246377 0.17309782608695654
