0 0.5746722846441947 0.2049129353233831 0.19803370786516855 0.06840796019900497
1 0.5678838951310862 0.3956778606965174 0.1956928838951311 0.06498756218905473
0 0.5735018726591761 0.021455223880597014 0.20131086142322097 0.04291044776119403
0 0.5765449438202247 0.07151741293532338 0.19803370786516855 0.06840796019900497
0 0.5732677902621723 0.13619402985074627 0.19803370786516855 0.06840796019900497
0 0.5737359550561798 0.27487562189054726 0.19803370786516855 0.06840796019900497
0 0.5718632958801498 0.33053482587064675 0.19803370786516855 0.06840796019900497
0 0.5723314606741573 0.4577114427860697 0.19803370786516855 0.06840796019900497
0 0.5784176029962547 0.5143034825870647 0.19803370786516855 0.06840796019900497
0 0.5737359550561798 0.5771144278606966 0.19803370786516855 0.06840796019900497
0 0.5690543071161048 0.5802238805970149 0.19803370786516855 0.06840796019900497
0 0.5765449438202247 0.7002487562189055 0.19803370786516855 0.06840796019900497
0 0.5760767790262172 0.7587064676616916 0.19803370786516855 0.06840796019900497
0 0.5765449438202247 0.8152985074626866 0.19803370786516855 0.06840796019900497
