0 0.5060461956521739 0.6343648208469055 0.09089673913043478 0.06188925081433225
1 0.5008152173913043 0.39912459283387625 0.0875 0.06046416938110749
0 0.5099184782608696 0.9509364820846905 0.09130434782608696 0.09609120521172639
0 0.508695652173913 0.875 0.09157608695652174 0.06881107491856678
0 0.50625 0.8143322475570033 0.09157608695652174 0.06881107491856678
0 0.5070652173913044 0.7552931596091205 0.09157608695652174 0.06881107491856678
0 0.5067934782608695 0.6929967426710097 0.09157608695652174 0.06881107491856678
0 0.5048913043478261 0.5785830618892508 0.09157608695652174 0.06881107491856678
0 0.5046195652173913 0.5179153094462541 0.09157608695652174 0.06881107491856678
0 0.5043478260869565 0.46131921824104233 0.09157608695652174 0.06881107491856678
0 0.5027173913043478 0.34069625407166126 0.09239130434782608 0.061278501628664495
0 0.5040760869565217 0.28633957654723124 0.09239130434782608 0.061278501628664495
0 0.502445652173913 0.22017508143322476 0.08967391304347826 0.07308631921824105
