2 0.626358695652174 0.6623574918566775 0.08125 0.11828175895765472
0 0.4019701086956522 0.43322475570032576 0.0764945652173913 0.09446254071661238
0 0.3859375 0.49613192182410426 0.0764945652173913 0.09446254071661238
0 0.37221467391304347 0.5582247557003257 0.0764945652173913 0.09446254071661238
0 0.3582880434782609 0.6220480456026058 0.07690217391304348 0.0877442996742671
0 0.34456521739130436 0.6857695439739414 0.07690217391304348 0.0877442996742671
0 0.33084239130434784 0.7452157980456026 0.07690217391304348 0.0877442996742671
0 0.3171195652173913 0.8148412052117264 0.07690217391304348 0.0877442996742671
0 0.3044836956521739 0.8785627035830619 0.07690217391304348 0.0877442996742671
0 0.2907608695652174 0.9430985342019544 0.07690217391304348 0.0877442996742671
