0 0.319633152173913 0.5283998371335505 0.050407608695652174 0.14678338762214985
0 0.48342391304347826 0.5338965798045603 0.051358695652173915 0.15166938110749187
0 0.5645380434782609 0.5351180781758957 0.04456521739130435 0.1561482084690554
2 0.6978260869565217 0.5409201954397395 0.0625 0.15472312703583063
0 0.1983016304347826 0.5241245928338762 0.050407608695652174 0.14678338762214985
0 0.2389266304347826 0.5253460912052117 0.050407608695652174 0.14678338762214985
0 0.28199728260869567 0.525549674267101 0.050407608695652174 0.14678338762214985
0 0.3608016304347826 0.5294177524429967 0.050407608695652174 0.14678338762214985
0 0.4026494565217391 0.5314535830618893 0.050407608695652174 0.14678338762214985
0 0.4420516304347826 0.5334894136807817 0.050407608695652174 0.14678338762214985
0 0.5291440217391304 0.5347109120521173 0.050407608695652174 0.14678338762214985
0 0.6090353260869565 0.53939332247557 0.050407608695652174 0.14678338762214985
0 0.6496603260869566 0.5414291530944625 0.050407608695652174 0.14678338762214985
