0 0.6822463768115942 0.46494565217391304 0.04565217391304348 0.15380434782608696
0 0.5903079710144927 0.46141304347826084 0.049818840579710144 0.15217391304347827
0 0.4057065217391304 0.46059782608695654 0.04692028985507246 0.1592391304347826
0 0.49882246376811595 0.46141304347826084 0.04873188405797101 0.15380434782608696
2 0.2564311594202899 0.4610054347826087 0.07010869565217391 0.1611413043478261
0 0.31567028985507245 0.4589673913043478 0.04692028985507246 0.1592391304347826
0 0.35969202898550723 0.46168478260869567 0.04692028985507246 0.1592391304347826
0 0.45117753623188406 0.46195652173913043 0.04692028985507246 0.1592391304347826
0 0.5444746376811594 0.4622282608695652 0.04692028985507246 0.1592391304347826
0 0.6354166666666666 0.46494565217391304 0.04692028985507246 0.1592391304347826
0 0.7269021739130435 0.46603260869565216 0.04692028985507246 0.1592391304347826
0 0.7749094202898551 0.4627717391304348 0.04692028985507246 0.1592391304347826
0 0.8205615942028985 0.46467391304347827 0.04692028985507246 0.1592391304347826
