0 0.5060461956521739 0.36543159609120524 0.09089673913043478 0.06188925081433225
1 0.5008152173913043 0.6006718241042345 0.0875 0.06046416938110749
0 0.5099184782608696 0.048859934853420196 0.09130434782608696 0.09609120521172639
0 0.508695652173913 0.12479641693811075 0.09157608695652174 0.06881107491856678
0 0.50625 0.1854641693811075 0.09157608695652174 0.06881107491856678
0 0.5070652173913044 0.24450325732899023 0.09157608695652174 0.06881107491856678
0 0.5067934782608695 0.306799674267101 0.09157608695652174 0.06881107491856678
0 0.5048913043478261 0.4212133550488599 0.09157608695652174 0.06881107491856678
0 0.5046195652173913 0.4818811074918567 0.09157608695652174 0.06881107491856678
0 0.5043478260869565 0.5384771986970684 0.09157608695652174 0.06881107491856678
0 0.5027173913043478 0.6591001628664495 0.09239130434782608 0.061278501628664495
0 0.5040760869565217 0.7134568403908795 0.09239130434782608 0.061278501628664495
0 0.502445652173913 0.779621335504886 0.08967391304347826 0.07308631921824105
