0 0.47154850746268656 0.2708333333333333 0.12842039800995025 0.09691011235955056
1 0.4763681592039801 0.5 0.12064676616915423 0.0898876404494382
0 0.4664179104477612 0.028323970037453183 0.12997512437810946 0.05664794007490637
0 0.46377487562189057 0.09152621722846442 0.12842039800995025 0.09691011235955056
0 0.46843905472636815 0.18047752808988765 0.12842039800995025 0.09691011235955056
0 0.47154850746268656 0.34901685393258425 0.12842039800995025 0.09691011235955056
0 0.47341417910447764 0.43000936329588013 0.12842039800995025 0.09691011235955056
0 0.4777674129353234 0.5915262172284644 0.12842039800995025 0.09691011235955056
0 0.47963308457711445 0.6701779026217228 0.12842039800995025 0.09691011235955056
0 0.48056592039800994 0.7511704119850188 0.12842039800995025 0.09691011235955056
0 0.4814987562189055 0.8330992509363296 0.12842039800995025 0.09691011235955056
0 0.4846082089552239 0.911750936329588 0.12842039800995025 0.09691011235955056
0 0.488339552238806 0.9676966292134831 0.11909203980099503 0.06460674157303371
