0 0.5203479799469183 0.296791970084629 0.10704806841639634 0.030702617594961623
0 0.534355647301681 0.4704782523125369 0.10970215275729873 0.03601653217870498
0 0.5291949277499263 0.4123204093682346 0.10586847537599528 0.034245227317457196
0 0.5256561486287231 0.3538673489470577 0.10822766145679741 0.03267073410745916
2 0.5396638159834857 0.5656366856917929 0.1073429666764966 0.052745522534934065
0 0.5346505455617812 0.5009840582562488 0.10970215275729873 0.03601653217870498
2 0.5375995281627839 0.5286360952568392 0.10439398407549395 0.03503247392245621
2 0.5317015629607785 0.44164534540444794 0.10439398407549395 0.03503247392245621
0 0.5271306399292244 0.3851604014957685 0.10586847537599528 0.034245227317457196
0 0.523296962547921 0.3276913993308404 0.10586847537599528 0.034245227317457196
0 0.5200530816868181 0.30013776815587484 0.10586847537599528 0.034245227317457196
0 0.5191683869065172 0.2694351505609132 0.10586847537599528 0.034245227317457196
0 0.5165143025656148 0.24070064947844913 0.10586847537599528 0.034245227317457196
0 0.5159245060454143 0.21216296004723478 0.10586847537599528 0.034245227317457196
