0 0.4938179347826087 0.6343648208469055 0.09089673913043478 0.06188925081433225
1 0.49904891304347826 0.39912459283387625 0.0875 0.06046416938110749
0 0.48994565217391306 0.9509364820846905 0.09130434782608696 0.09609120521172639
0 0.49116847826086957 0.875 0.09157608695652174 0.06881107491856678
0 0.4936141304347826 0.8143322475570033 0.09157608695652174 0.06881107491856678
0 0.4927989130434783 0.7552931596091205 0.09157608695652174 0.06881107491856678
0 0.49307065217391305 0.6929967426710097 0.09157608695652174 0.06881107491856678
0 0.49497282608695653 0.5785830618892508 0.09157608695652174 0.06881107491856678
0 0.4952445652173913 0.5179153094462541 0.09157608695652174 0.06881107491856678
0 0.49551630434782606 0.46131921824104233 0.09157608695652174 0.06881107491856678
0 0.4971467391304348 0.34069625407166126 0.09239130434782608 0.061278501628664495
0 0.4957880434782609 0.28633957654723124 0.09239130434782608 0.061278501628664495
0 0.49741847826086955 0.22017508143322476 0.08967391304347826 0.07308631921824105
