0 0.4329710144927536 0.535054347826087 0.016666666666666666 0.0483695652173913
1 0.47844202898550725 0.5335597826086956 0.014130434782608696 0.04646739130434783
0 0.3705615942028985 0.5319293478260869 0.021557971014492753 0.04592391304347826
0 0.38813405797101447 0.5322010869565217 0.021557971014492753 0.04592391304347826
0 0.4029891304347826 0.5338315217391304 0.021557971014492753 0.04592391304347826
0 0.4191123188405797 0.5335597826086956 0.021557971014492753 0.04592391304347826
0 0.4482789855072464 0.5351902173913043 0.021557971014492753 0.04592391304347826
0 0.46259057971014494 0.5354619565217391 0.021557971014492753 0.04592391304347826
0 0.49230072463768115 0.5346467391304348 0.021557971014492753 0.04592391304347826
0 0.5066123188405797 0.534375 0.021557971014492753 0.04592391304347826
0 0.5227355072463769 0.5338315217391304 0.021557971014492753 0.04592391304347826
0 0.45009057971014493 0.5379076086956521 0.021557971014492753 0.04592391304347826
0 0.5524456521739131 0.5316576086956522 0.021557971014492753 0.04592391304347826
