0 0.5281405472636815 0.7286985018726592 0.12842039800995025 0.09691011235955056
1 0.523320895522388 0.49953183520599254 0.12064676616915423 0.0898876404494382
0 0.533271144278607 0.9712078651685393 0.12997512437810946 0.05664794007490637
0 0.5359141791044776 0.9080056179775281 0.12842039800995025 0.09691011235955056
0 0.53125 0.8190543071161048 0.12842039800995025 0.09691011235955056
0 0.5281405472636815 0.6505149812734082 0.12842039800995025 0.09691011235955056
0 0.5262748756218906 0.5695224719101124 0.12842039800995025 0.09691011235955056
0 0.5219216417910447 0.4080056179775281 0.12842039800995025 0.09691011235955056
0 0.5200559701492538 0.32935393258426965 0.12842039800995025 0.09691011235955056
0 0.5191231343283582 0.2483614232209738 0.12842039800995025 0.09691011235955056
0 0.5181902985074627 0.16643258426966293 0.12842039800995025 0.09691011235955056
0 0.5150808457711443 0.0877808988764045 0.12842039800995025 0.09691011235955056
0 0.5113495024875622 0.032303370786516857 0.11909203980099503 0.06460674157303371
