0 0.5440074906367042 0.9398320895522388 0.17228464419475656 0.053793532338308456
0 0.5433052434456929 0.8865049751243781 0.16900749063670412 0.05721393034825871
0 0.5372191011235955 0.832089552238806 0.1699438202247191 0.053482587064676616
0 0.5390917602996255 0.7742537313432836 0.16900749063670412 0.060945273631840796
0 0.5362827715355806 0.7218594527363185 0.17649812734082396 0.055659203980099506
0 0.5372191011235955 0.6703980099502488 0.17743445692883894 0.05534825870646766
0 0.5348782771535581 0.6178482587064676 0.17743445692883894 0.055970149253731345
0 0.5304307116104869 0.5621890547263682 0.1797752808988764 0.05845771144278607
0 0.5301966292134831 0.5052860696517413 0.17462546816479402 0.05534825870646766
0 0.5259831460674157 0.4510261194029851 0.18117977528089887 0.05752487562189055
0 0.5201310861423221 0.33488805970149255 0.18071161048689138 0.060945273631840796
2 0.5196629213483146 0.21703980099502487 0.18071161048689138 0.060945273631840796
2 0.5177902621722846 0.08504353233830846 0.18445692883895132 0.0830223880597015
0 0.5191947565543071 0.2736318407960199 0.18071161048689138 0.060945273631840796
0 0.5196629213483146 0.15609452736318408 0.18071161048689138 0.060945273631840796
0 0.526685393258427 0.3902363184079602 0.18071161048689138 0.060945273631840796
