1 0.177705223880597 0.2816011235955056 0.08675373134328358 0.1549625468164794
1 0.29819651741293535 0.3728932584269663 0.06778606965174129 0.17649812734082396
1 0.24455845771144277 0.3433988764044944 0.08053482587064677 0.17368913857677903
1 0.3361318407960199 0.4131554307116105 0.06778606965174129 0.15589887640449437
1 0.38821517412935325 0.4583333333333333 0.07058457711442787 0.1601123595505618
1 0.5382462686567164 0.5526685393258427 0.08955223880597014 0.16151685393258428
2 0.09701492537313433 0.23174157303370788 0.09639303482587065 0.17134831460674158
0 0.47030472636815923 0.510065543071161 0.07991293532338309 0.15777153558052434
0 0.7448694029850746 0.05383895131086142 0.09670398009950248 0.10767790262172285
0 0.7305659203980099 0.1348314606741573 0.09670398009950248 0.10767790262172285
0 0.7175062189054726 0.21395131086142322 0.09981343283582089 0.10674157303370786
0 0.7013370646766169 0.29681647940074907 0.09981343283582089 0.10674157303370786
0 0.6857898009950248 0.3796816479400749 0.09981343283582089 0.10674157303370786
0 0.6714863184079602 0.4606741573033708 0.09981343283582089 0.10674157303370786
