0 0.5021067415730337 0.7018034825870647 0.1540262172284644 0.055970149253731345
0 0.49157303370786515 0.5623445273631841 0.15543071161048688 0.053793532338308456
0 0.48782771535580527 0.5163246268656716 0.15543071161048688 0.05503731343283582
2 0.525749063670412 0.9662624378109452 0.15636704119850187 0.05254975124378109
2 0.5110018726591761 0.7912002487562189 0.15215355805243447 0.05690298507462686
2 0.49976591760299627 0.6573383084577115 0.15121722846441948 0.04975124378109453
2 0.4974250936329588 0.6106965174129353 0.1540262172284644 0.053482587064676616
2 0.47846441947565543 0.41029228855721395 0.16292134831460675 0.07991293532338309
0 0.4836142322097378 0.47201492537313433 0.15823970037453183 0.04975124378109453
0 0.5042134831460674 0.7430037313432836 0.15543071161048688 0.053793532338308456
0 0.5154494382022472 0.8375310945273632 0.15543071161048688 0.053793532338308456
0 0.5201310861423221 0.8773320895522388 0.15543071161048688 0.053793532338308456
0 0.526685393258427 0.9202425373134329 0.15543071161048688 0.053793532338308456
