0 0.47331460674157305 0.5099502487562189 0.1853932584269663 0.0640547263681592
0 0.4721441947565543 0.5670087064676617 0.19054307116104868 0.05939054726368159
0 0.4735486891385768 0.6259328358208955 0.19709737827715357 0.06529850746268656
0 0.4747191011235955 0.6871890547263682 0.19288389513108614 0.06902985074626866
2 0.4683988764044944 0.3389303482587065 0.18773408239700373 0.061567164179104475
2 0.4674625468164794 0.3978544776119403 0.19428838951310862 0.06996268656716417
2 0.4777621722846442 0.8037935323383084 0.19616104868913858 0.06716417910447761
0 0.4700374531835206 0.6840796019900498 0.19288389513108614 0.06902985074626866
0 0.48478464419475653 0.974502487562189 0.19241573033707865 0.05037313432835821
2 0.4833801498127341 0.9263059701492538 0.19616104868913858 0.06716417910447761
0 0.48057116104868913 0.8684701492537313 0.19335205992509363 0.06965174129353234
0 0.47963483146067415 0.7459577114427861 0.19335205992509363 0.06965174129353234
0 0.47401685393258425 0.6277985074626866 0.19335205992509363 0.06965174129353234
2 0.4674625468164794 0.4587997512437811 0.19428838951310862 0.06996268656716417
0 0.46114232209737827 0.2941542288557214 0.1853932584269663 0.0640547263681592
