0 0.47401685393258425 0.7725435323383084 0.1100187265917603 0.041355721393034825
0 0.4714419475655431 0.7370957711442786 0.11329588014981273 0.03700248756218905
0 0.47284644194756553 0.699160447761194 0.11423220973782772 0.03949004975124378
0 0.47073970037453183 0.5862873134328358 0.11282771535580524 0.04011194029850746
0 0.4705056179775281 0.5491293532338308 0.11235955056179775 0.03793532338308458
0 0.4695692883895131 0.5113495024875622 0.11797752808988764 0.038868159203980096
0 0.46863295880149813 0.4322139303482587 0.11704119850187265 0.03793532338308458
0 0.4714419475655431 0.3931902985074627 0.11704119850187265 0.04259950248756219
0 0.46769662921348315 0.35385572139303484 0.11797752808988764 0.03917910447761194
0 0.4700374531835206 0.27254353233830847 0.11423220973782772 0.040733830845771146
2 0.47237827715355807 0.22776741293532338 0.11423220973782772 0.05254975124378109
2 0.47120786516853935 0.4717039800995025 0.11844569288389513 0.04042288557213931
2 0.47284644194756553 0.662002487562189 0.11423220973782772 0.03731343283582089
2 0.4737827715355805 0.8121890547263682 0.11235955056179775 0.03793532338308458
2 0.47027153558052437 0.31358830845771146 0.11938202247191011 0.03949004975124378
2 0.47401685393258425 0.6260883084577115 0.11376404494382023 0.03575870646766169
