0 0.4974250936329588 0.7018034825870647 0.1540262172284644 0.055970149253731345
0 0.5079588014981273 0.5623445273631841 0.15543071161048688 0.053793532338308456
0 0.5117041198501873 0.5163246268656716 0.15543071161048688 0.05503731343283582
2 0.4737827715355805 0.9662624378109452 0.15636704119850187 0.05254975124378109
2 0.48852996254681647 0.7912002487562189 0.15215355805243447 0.05690298507462686
2 0.49976591760299627 0.6573383084577115 0.15121722846441948 0.04975124378109453
2 0.5021067415730337 0.6106965174129353 0.1540262172284644 0.053482587064676616
2 0.5210674157303371 0.41029228855721395 0.16292134831460675 0.07991293532338309
0 0.5159176029962547 0.47201492537313433 0.15823970037453183 0.04975124378109453
0 0.4953183520599251 0.7430037313432836 0.15543071161048688 0.053793532338308456
0 0.48408239700374533 0.8375310945273632 0.15543071161048688 0.053793532338308456
0 0.4794007490636704 0.8773320895522388 0.15543071161048688 0.053793532338308456
0 0.47284644194756553 0.9202425373134329 0.15543071161048688 0.053793532338308456
