0 0.5739700374531835 0.6071206467661692 0.16198501872659177 0.058768656716417914
0 0.5662453183520599 0.517568407960199 0.16619850187265917 0.06001243781094527
0 0.5716292134831461 0.5620335820895522 0.15730337078651685 0.05503731343283582
0 0.5678838951310862 0.39070273631840796 0.16104868913857678 0.05503731343283582
0 0.5683520599250936 0.47388059701492535 0.1544943820224719 0.05534825870646766
0 0.5730337078651685 0.6531405472636815 0.1601123595505618 0.058768656716417914
2 0.5667134831460674 0.2677238805970149 0.15683520599250936 0.05845771144278607
2 0.5627340823970037 0.18936567164179105 0.14700374531835206 0.05037313432835821
2 0.576310861423221 0.7569962686567164 0.16666666666666666 0.08240049751243782
0 0.5770131086142322 0.7018034825870647 0.15870786516853932 0.06343283582089553
0 0.5681179775280899 0.4350124378109453 0.15870786516853932 0.06343283582089553
0 0.5655430711610487 0.35152363184079605 0.15168539325842698 0.06312189054726368
0 0.5655430711610487 0.31296641791044777 0.15168539325842698 0.06312189054726368
0 0.5660112359550562 0.23149875621890548 0.15168539325842698 0.06312189054726368
2 0.5596910112359551 0.14956467661691542 0.1446629213483146 0.05223880597014925
0 0.5575842696629213 0.11598258706467662 0.1451310861423221 0.06343283582089553
