0 0.47331460674157305 0.48973880597014924 0.1853932584269663 0.0640547263681592
0 0.4721441947565543 0.4326803482587065 0.19054307116104868 0.05939054726368159
0 0.4735486891385768 0.3737562189054726 0.19709737827715357 0.06529850746268656
0 0.4747191011235955 0.3125 0.19288389513108614 0.06902985074626866
2 0.4683988764044944 0.6607587064676617 0.18773408239700373 0.061567164179104475
2 0.4674625468164794 0.6018345771144279 0.19428838951310862 0.06996268656716417
2 0.4777621722846442 0.1958955223880597 0.19616104868913858 0.06716417910447761
0 0.4700374531835206 0.3156094527363184 0.19288389513108614 0.06902985074626866
0 0.48478464419475653 0.025186567164179104 0.19241573033707865 0.05037313432835821
2 0.4833801498127341 0.07338308457711443 0.19616104868913858 0.06716417910447761
0 0.48057116104868913 0.13121890547263682 0.19335205992509363 0.06965174129353234
0 0.47963483146067415 0.2537313432835821 0.19335205992509363 0.06965174129353234
0 0.47401685393258425 0.3718905472636816 0.19335205992509363 0.06965174129353234
2 0.4674625468164794 0.540889303482587 0.19428838951310862 0.06996268656716417
0 0.46114232209737827 0.7055348258706468 0.1853932584269663 0.0640547263681592
