0 0.45552434456928836 0.059856965174129355 0.17228464419475656 0.053793532338308456
0 0.4562265917602996 0.11318407960199005 0.16900749063670412 0.05721393034825871
0 0.462312734082397 0.1675995024875622 0.1699438202247191 0.053482587064676616
0 0.460440074906367 0.22543532338308458 0.16900749063670412 0.060945273631840796
0 0.46324906367041196 0.27782960199004975 0.17649812734082396 0.055659203980099506
0 0.462312734082397 0.3292910447761194 0.17743445692883894 0.05534825870646766
0 0.46465355805243447 0.3818407960199005 0.17743445692883894 0.055970149253731345
0 0.4691011235955056 0.4375 0.1797752808988764 0.05845771144278607
0 0.4693352059925094 0.4944029850746269 0.17462546816479402 0.05534825870646766
0 0.4735486891385768 0.5486629353233831 0.18117977528089887 0.05752487562189055
0 0.4794007490636704 0.6648009950248757 0.18071161048689138 0.060945273631840796
2 0.4798689138576779 0.7826492537313433 0.18071161048689138 0.060945273631840796
2 0.48174157303370785 0.9146455223880597 0.18445692883895132 0.0830223880597015
0 0.4803370786516854 0.7260572139303483 0.18071161048689138 0.060945273631840796
0 0.4798689138576779 0.8435945273631841 0.18071161048689138 0.060945273631840796
0 0.47284644194756553 0.6094527363184079 0.18071161048689138 0.060945273631840796
