0 0.4897003745318352 0.2902674129353234 0.10955056179775281 0.038868159203980096
0 0.5009363295880149 0.36691542288557216 0.11235955056179775 0.03793532338308458
0 0.5051498127340824 0.40531716417910446 0.11704119850187265 0.03824626865671642
0 0.523876404494382 0.5202114427860697 0.11235955056179775 0.03669154228855721
0 0.528558052434457 0.558768656716418 0.11423220973782772 0.04042288557213931
0 0.5341760299625468 0.597636815920398 0.11704119850187265 0.03731343283582089
0 0.5519662921348315 0.7192164179104478 0.1151685393258427 0.03980099502487562
0 0.5639044943820225 0.8006840796019901 0.11376404494382023 0.041666666666666664
0 0.5697565543071161 0.8409514925373134 0.1151685393258427 0.041355721393034825
0 0.5777153558052435 0.8879042288557214 0.1104868913857678 0.05503731343283582
2 0.540496254681648 0.6393034825870647 0.11376404494382023 0.041044776119402986
2 0.5191947565543071 0.48367537313432835 0.11142322097378277 0.04011194029850746
2 0.510065543071161 0.44387437810945274 0.11563670411985019 0.038868159203980096
2 0.4953183520599251 0.32882462686567165 0.11329588014981273 0.03949004975124378
2 0.5444756554307116 0.6805037313432836 0.1151685393258427 0.04011194029850746
2 0.5587546816479401 0.759639303482587 0.11282771535580524 0.04228855721393035
