0 0.4766791044776119 0.7684925093632958 0.12935323383084577 0.16245318352059926
1 0.3701803482587065 0.5046816479400749 0.12842039800995025 0.15355805243445692
0 0.505907960199005 0.8541666666666666 0.12935323383084577 0.16245318352059926
0 0.5418221393034826 0.9288389513108615 0.11909203980099503 0.14138576779026218
0 0.4412313432835821 0.6804775280898876 0.12313432835820895 0.16526217228464418
0 0.4135572139303483 0.6055711610486891 0.11691542288557213 0.14653558052434457
0 0.33877487562189057 0.42064606741573035 0.1271766169154229 0.16432584269662923
0 0.3095460199004975 0.3471441947565543 0.1271766169154229 0.16432584269662923
1 0.2691231343283582 0.2350187265917603 0.12842039800995025 0.15355805243445692
0 0.12919776119402984 0.16643258426966293 0.12779850746268656 0.18117977528089887
0 0.09592661691542288 0.22354868913857678 0.12779850746268656 0.18117977528089887
0 0.06421019900497513 0.2961142322097378 0.12779850746268656 0.18117977528089887
