0 0.4556902985074627 0.1952247191011236 0.12095771144278607 0.08801498127340825
0 0.4449626865671642 0.36891385767790263 0.12748756218905472 0.09363295880149813
0 0.4468283582089552 0.28277153558052437 0.1256218905472637 0.09269662921348315
1 0.40967039800995025 0.9145599250936329 0.1234452736318408 0.10908239700374532
1 0.43252487562189057 0.5484550561797753 0.08830845771144279 0.0847378277153558
1 0.41651119402985076 0.7162921348314607 0.11162935323383084 0.08614232209737828
0 0.43656716417910446 0.4721441947565543 0.12375621890547264 0.125
0 0.4244402985074627 0.641619850187266 0.12375621890547264 0.125
0 0.41324626865671643 0.8129681647940075 0.12375621890547264 0.125
0 0.40345149253731344 0.9653558052434457 0.12095771144278607 0.06835205992509363
