0 0.35509950248756217 0.19662921348314608 0.19900497512437812 0.2144194756554307
1 0.4298818407960199 0.4922752808988764 0.18563432835820895 0.21863295880149813
0 0.3855721393034826 0.36891385767790263 0.19900497512437812 0.2144194756554307
0 0.45460199004975127 0.6573033707865169 0.19900497512437812 0.2144194756554307
0 0.4872512437810945 0.8211610486891385 0.19900497512437812 0.2144194756554307
0 0.9566231343283582 0.648876404494382 0.08675373134328358 0.3155430711610487
0 0.9311256218905473 0.7102059925093633 0.13774875621890548 0.31273408239700373
0 0.9059390547263682 0.7654494382022472 0.18252487562189054 0.3080524344569288
0 0.8564987562189055 0.8249063670411985 0.18252487562189054 0.3080524344569288
0 0.8111007462686567 0.8590823970037453 0.18190298507462688 0.2818352059925094
0 0.7661691542288557 0.8836610486891385 0.18470149253731344 0.23267790262172286
