0 0.49347014925373134 0.6301498127340824 0.10323383084577115 0.07958801498127341
1 0.5076181592039801 0.32420411985018727 0.10230099502487562 0.07631086142322098
1 0.5040422885572139 0.47542134831460675 0.09701492537313433 0.07818352059925093
0 0.4906716417910448 0.7092696629213483 0.10323383084577115 0.07958801498127341
0 0.48756218905472637 0.7883895131086143 0.10323383084577115 0.07958801498127341
0 0.48600746268656714 0.8693820224719101 0.10323383084577115 0.07958801498127341
0 0.48600746268656714 0.954119850187266 0.09701492537313433 0.09082397003745318
0 0.4968905472636816 0.5519662921348315 0.10323383084577115 0.07958801498127341
0 0.5046641791044776 0.39957865168539325 0.09825870646766169 0.075374531835206
0 0.5087064676616916 0.2483614232209738 0.09825870646766169 0.075374531835206
0 0.5105721393034826 0.17181647940074907 0.09825870646766169 0.07958801498127341
0 0.5139925373134329 0.09316479400749064 0.09825870646766169 0.07958801498127341
0 0.5174129353233831 0.02902621722846442 0.0945273631840796 0.05805243445692884
