0 0.5062189054726368 0.6301498127340824 0.10323383084577115 0.07958801498127341
1 0.4920708955223881 0.32420411985018727 0.10230099502487562 0.07631086142322098
1 0.4956467661691542 0.47542134831460675 0.09701492537313433 0.07818352059925093
0 0.5090174129353234 0.7092696629213483 0.10323383084577115 0.07958801498127341
0 0.5121268656716418 0.7883895131086143 0.10323383084577115 0.07958801498127341
0 0.513681592039801 0.8693820224719101 0.10323383084577115 0.07958801498127341
0 0.513681592039801 0.954119850187266 0.09701492537313433 0.09082397003745318
0 0.5027985074626866 0.5519662921348315 0.10323383084577115 0.07958801498127341
0 0.49502487562189057 0.39957865168539325 0.09825870646766169 0.075374531835206
0 0.4909825870646766 0.2483614232209738 0.09825870646766169 0.075374531835206
0 0.48911691542288555 0.17181647940074907 0.09825870646766169 0.07958801498127341
0 0.48569651741293535 0.09316479400749064 0.09825870646766169 0.07958801498127341
0 0.4822761194029851 0.02902621722846442 0.0945273631840796 0.05805243445692884
