0 0.5262172284644194 0.5099502487562189 0.1853932584269663 0.0640547263681592
0 0.5273876404494382 0.5670087064676617 0.19054307116104868 0.05939054726368159
0 0.5259831460674157 0.6259328358208955 0.19709737827715357 0.06529850746268656
0 0.524812734082397 0.6871890547263682 0.19288389513108614 0.06902985074626866
2 0.5311329588014981 0.3389303482587065 0.18773408239700373 0.061567164179104475
2 0.5320692883895131 0.3978544776119403 0.19428838951310862 0.06996268656716417
2 0.5217696629213483 0.8037935323383084 0.19616104868913858 0.06716417910447761
0 0.5294943820224719 0.6840796019900498 0.19288389513108614 0.06902985074626866
0 0.514747191011236 0.974502487562189 0.19241573033707865 0.05037313432835821
2 0.5161516853932584 0.9263059701492538 0.19616104868913858 0.06716417910447761
0 0.5189606741573034 0.8684701492537313 0.19335205992509363 0.06965174129353234
0 0.5198970037453183 0.7459577114427861 0.19335205992509363 0.06965174129353234
0 0.5255149812734082 0.6277985074626866 0.19335205992509363 0.06965174129353234
2 0.5320692883895131 0.4587997512437811 0.19428838951310862 0.06996268656716417
0 0.5383895131086143 0.2941542288557214 0.1853932584269663 0.0640547263681592
