0 0.5230099502487562 0.7684925093632958 0.12935323383084577 0.16245318352059926
1 0.6295087064676617 0.5046816479400749 0.12842039800995025 0.15355805243445692
0 0.4937810945273632 0.8541666666666666 0.12935323383084577 0.16245318352059926
0 0.45786691542288555 0.9288389513108615 0.11909203980099503 0.14138576779026218
0 0.5584577114427861 0.6804775280898876 0.12313432835820895 0.16526217228464418
0 0.5861318407960199 0.6055711610486891 0.11691542288557213 0.14653558052434457
0 0.6609141791044776 0.42064606741573035 0.1271766169154229 0.16432584269662923
0 0.6901430348258707 0.3471441947565543 0.1271766169154229 0.16432584269662923
1 0.7305659203980099 0.2350187265917603 0.12842039800995025 0.15355805243445692
0 0.8704912935323383 0.16643258426966293 0.12779850746268656 0.18117977528089887
0 0.9037624378109452 0.22354868913857678 0.12779850746268656 0.18117977528089887
0 0.935478855721393 0.2961142322097378 0.12779850746268656 0.18117977528089887
