0 0.2619565217391304 0.7736156351791531 0.10271739130434783 0.14413680781758959
0 0.21834239130434782 0.8479234527687296 0.10190217391304347 0.1445439739413681
1 0.48179347826086955 0.3925081433224756 0.10543478260869565 0.1457654723127036
1 0.35067934782608695 0.616042345276873 0.10135869565217391 0.15553745928338764
0 0.1721467391304348 0.9273208469055375 0.10190217391304347 0.1445439739413681
0 0.3033967391304348 0.6984934853420195 0.10190217391304347 0.1445439739413681
0 0.39578804347826085 0.5456026058631922 0.09646739130434782 0.13355048859934854
0 0.43709239130434785 0.4755700325732899 0.09646739130434782 0.13355048859934854
0 0.5278532608695652 0.31718241042345274 0.09646739130434782 0.13355048859934854
0 0.6947010869565218 0.2681188925081433 0.09157608695652174 0.16571661237785015
0 0.7421195652173913 0.310057003257329 0.09184782608695652 0.17141693811074918
0 0.7913043478260869 0.3548452768729642 0.09184782608695652 0.17141693811074918
0 0.839945652173913 0.40166938110749184 0.09184782608695652 0.17141693811074918
0 0.8877717391304348 0.44930781758957655 0.09619565217391304 0.17141693811074918
0 0.9410326086956522 0.49328175895765475 0.09619565217391304 0.17141693811074918
0 0.9717391304347827 0.5449918566775245 0.05652173913043478 0.16734527687296416
