0 0.5062189054726368 0.3693820224719101 0.10323383084577115 0.07958801498127341
1 0.4920708955223881 0.6753277153558053 0.10230099502487562 0.07631086142322098
1 0.4956467661691542 0.5241104868913857 0.09701492537313433 0.07818352059925093
0 0.5090174129353234 0.2902621722846442 0.10323383084577115 0.07958801498127341
0 0.5121268656716418 0.21114232209737827 0.10323383084577115 0.07958801498127341
0 0.513681592039801 0.1301498127340824 0.10323383084577115 0.07958801498127341
0 0.513681592039801 0.04541198501872659 0.09701492537313433 0.09082397003745318
0 0.5027985074626866 0.44756554307116103 0.10323383084577115 0.07958801498127341
0 0.49502487562189057 0.5999531835205992 0.09825870646766169 0.075374531835206
0 0.4909825870646766 0.7511704119850188 0.09825870646766169 0.075374531835206
0 0.48911691542288555 0.8277153558052435 0.09825870646766169 0.07958801498127341
0 0.48569651741293535 0.9063670411985019 0.09825870646766169 0.07958801498127341
0 0.4822761194029851 0.9709737827715356 0.0945273631840796 0.05805243445692884
