0 0.5262172284644194 0.48973880597014924 0.1853932584269663 0.0640547263681592
0 0.5273876404494382 0.4326803482587065 0.19054307116104868 0.05939054726368159
0 0.5259831460674157 0.3737562189054726 0.19709737827715357 0.06529850746268656
0 0.524812734082397 0.3125 0.19288389513108614 0.06902985074626866
2 0.5311329588014981 0.6607587064676617 0.18773408239700373 0.061567164179104475
2 0.5320692883895131 0.6018345771144279 0.19428838951310862 0.06996268656716417
2 0.5217696629213483 0.1958955223880597 0.19616104868913858 0.06716417910447761
0 0.5294943820224719 0.3156094527363184 0.19288389513108614 0.06902985074626866
0 0.514747191011236 0.025186567164179104 0.19241573033707865 0.05037313432835821
2 0.5161516853932584 0.07338308457711443 0.19616104868913858 0.06716417910447761
0 0.5189606741573034 0.13121890547263682 0.19335205992509363 0.06965174129353234
0 0.5198970037453183 0.2537313432835821 0.19335205992509363 0.06965174129353234
0 0.5255149812734082 0.3718905472636816 0.19335205992509363 0.06965174129353234
2 0.5320692883895131 0.540889303482587 0.19428838951310862 0.06996268656716417
0 0.5383895131086143 0.7055348258706468 0.1853932584269663 0.0640547263681592
