1 0.8219838308457711 0.7179307116104869 0.08675373134328358 0.1549625468164794
1 0.7014925373134329 0.6266385767790262 0.06778606965174129 0.17649812734082396
1 0.7551305970149254 0.6561329588014981 0.08053482587064677 0.17368913857677903
1 0.6635572139303483 0.586376404494382 0.06778606965174129 0.15589887640449437
1 0.6114738805970149 0.5411985018726592 0.07058457711442787 0.1601123595505618
1 0.4614427860696517 0.44686329588014984 0.08955223880597014 0.16151685393258428
2 0.9026741293532339 0.7677902621722846 0.09639303482587065 0.17134831460674158
0 0.5293843283582089 0.48946629213483145 0.07991293532338309 0.15777153558052434
0 0.2548196517412935 0.9456928838951311 0.09670398009950248 0.10767790262172285
0 0.2691231343283582 0.8647003745318352 0.09670398009950248 0.10767790262172285
0 0.28218283582089554 0.7855805243445693 0.09981343283582089 0.10674157303370786
0 0.29835199004975127 0.7027153558052435 0.09981343283582089 0.10674157303370786
0 0.3138992537313433 0.6198501872659176 0.09981343283582089 0.10674157303370786
0 0.32820273631840796 0.5388576779026217 0.09981343283582089 0.10674157303370786
