0 0.4974250936329588 0.2978855721393035 0.1540262172284644 0.055970149253731345
0 0.5079588014981273 0.4373445273631841 0.15543071161048688 0.053793532338308456
0 0.5117041198501873 0.4833644278606965 0.15543071161048688 0.05503731343283582
2 0.4737827715355805 0.03342661691542288 0.15636704119850187 0.05254975124378109
2 0.48852996254681647 0.20848880597014927 0.15215355805243447 0.05690298507462686
2 0.49976591760299627 0.3423507462686567 0.15121722846441948 0.04975124378109453
2 0.5021067415730337 0.38899253731343286 0.1540262172284644 0.053482587064676616
2 0.5210674157303371 0.5893967661691543 0.16292134831460675 0.07991293532338309
0 0.5159176029962547 0.5276741293532339 0.15823970037453183 0.04975124378109453
0 0.4953183520599251 0.2566853233830846 0.15543071161048688 0.053793532338308456
0 0.48408239700374533 0.16215796019900497 0.15543071161048688 0.053793532338308456
0 0.4794007490636704 0.12235696517412935 0.15543071161048688 0.053793532338308456
0 0.47284644194756553 0.07944651741293532 0.15543071161048688 0.053793532338308456
