0 0.5439987562189055 0.1952247191011236 0.12095771144278607 0.08801498127340825
0 0.554726368159204 0.36891385767790263 0.12748756218905472 0.09363295880149813
0 0.552860696517413 0.28277153558052437 0.1256218905472637 0.09269662921348315
1 0.590018656716418 0.9145599250936329 0.1234452736318408 0.10908239700374532
1 0.5671641791044776 0.5484550561797753 0.08830845771144279 0.0847378277153558
1 0.5831778606965174 0.7162921348314607 0.11162935323383084 0.08614232209737828
0 0.5631218905472637 0.4721441947565543 0.12375621890547264 0.125
0 0.5752487562189055 0.641619850187266 0.12375621890547264 0.125
0 0.5864427860696517 0.8129681647940075 0.12375621890547264 0.125
0 0.5962375621890548 0.9653558052434457 0.12095771144278607 0.06835205992509363
