0 0.5230099502487562 0.23103932584269662 0.12935323383084577 0.16245318352059926
1 0.6295087064676617 0.4948501872659176 0.12842039800995025 0.15355805243445692
0 0.4937810945273632 0.14536516853932585 0.12935323383084577 0.16245318352059926
0 0.45786691542288555 0.07069288389513109 0.11909203980099503 0.14138576779026218
0 0.5584577114427861 0.3190543071161049 0.12313432835820895 0.16526217228464418
0 0.5861318407960199 0.39396067415730335 0.11691542288557213 0.14653558052434457
0 0.6609141791044776 0.5788857677902621 0.1271766169154229 0.16432584269662923
0 0.6901430348258707 0.6523876404494382 0.1271766169154229 0.16432584269662923
1 0.7305659203980099 0.7645131086142322 0.12842039800995025 0.15355805243445692
0 0.8704912935323383 0.8330992509363296 0.12779850746268656 0.18117977528089887
0 0.9037624378109452 0.7759831460674157 0.12779850746268656 0.18117977528089887
0 0.935478855721393 0.7034176029962547 0.12779850746268656 0.18117977528089887
