0 0.644589552238806 0.8029026217228464 0.19900497512437812 0.2144194756554307
1 0.5698072139303483 0.5072565543071161 0.18563432835820895 0.21863295880149813
0 0.6141169154228856 0.6306179775280899 0.19900497512437812 0.2144194756554307
0 0.5450870646766169 0.34222846441947563 0.19900497512437812 0.2144194756554307
0 0.5124378109452736 0.17837078651685392 0.19900497512437812 0.2144194756554307
0 0.04337686567164179 0.3506554307116105 0.08675373134328358 0.3155430711610487
0 0.06887437810945274 0.2893258426966292 0.13774875621890548 0.31273408239700373
0 0.09375 0.2340823970037453 0.18252487562189054 0.3080524344569288
0 0.14319029850746268 0.17462546816479402 0.18252487562189054 0.3080524344569288
0 0.18858830845771143 0.1409176029962547 0.18190298507462688 0.2818352059925094
0 0.23351990049751245 0.11633895131086143 0.18470149253731344 0.23267790262172286
