0 0.7377717391304348 0.2259771986970684 0.10271739130434783 0.14413680781758959
0 0.7813858695652174 0.15166938110749187 0.10190217391304347 0.1445439739413681
1 0.5179347826086956 0.6070846905537459 0.10543478260869565 0.1457654723127036
1 0.6490489130434782 0.38355048859934854 0.10135869565217391 0.15553745928338764
0 0.8275815217391305 0.07227198697068404 0.10190217391304347 0.1445439739413681
0 0.6963315217391305 0.30109934853420195 0.10190217391304347 0.1445439739413681
0 0.6039402173913043 0.4539902280130293 0.09646739130434782 0.13355048859934854
0 0.5626358695652174 0.5240228013029316 0.09646739130434782 0.13355048859934854
0 0.471875 0.6824104234527687 0.09646739130434782 0.13355048859934854
0 0.30502717391304346 0.7314739413680782 0.09157608695652174 0.16571661237785015
0 0.2576086956521739 0.6895358306188925 0.09184782608695652 0.17141693811074918
0 0.20842391304347826 0.6447475570032574 0.09184782608695652 0.17141693811074918
0 0.15978260869565217 0.5979234527687296 0.09184782608695652 0.17141693811074918
0 0.11195652173913044 0.550285016286645 0.09619565217391304 0.17141693811074918
0 0.058695652173913045 0.5063110749185668 0.09619565217391304 0.17141693811074918
0 0.02826086956521739 0.4546009771986971 0.05652173913043478 0.16734527687296416
