0 0.5098314606741573 0.7094216417910447 0.10955056179775281 0.038868159203980096
0 0.49859550561797755 0.632773631840796 0.11235955056179775 0.03793532338308458
0 0.4943820224719101 0.5943718905472637 0.11704119850187265 0.03824626865671642
0 0.4756554307116105 0.47947761194029853 0.11235955056179775 0.03669154228855721
0 0.47097378277153557 0.44092039800995025 0.11423220973782772 0.04042288557213931
0 0.4653558052434457 0.40205223880597013 0.11704119850187265 0.03731343283582089
0 0.44756554307116103 0.2804726368159204 0.1151685393258427 0.03980099502487562
0 0.43562734082397003 0.19900497512437812 0.11376404494382023 0.041666666666666664
0 0.4297752808988764 0.15873756218905472 0.1151685393258427 0.041355721393034825
0 0.42181647940074907 0.11178482587064677 0.1104868913857678 0.05503731343283582
2 0.45903558052434457 0.3603855721393035 0.11376404494382023 0.041044776119402986
2 0.4803370786516854 0.5160136815920398 0.11142322097378277 0.04011194029850746
2 0.48946629213483145 0.5558146766169154 0.11563670411985019 0.038868159203980096
2 0.5042134831460674 0.6708644278606966 0.11329588014981273 0.03949004975124378
2 0.4550561797752809 0.3191853233830846 0.1151685393258427 0.04011194029850746
2 0.4407771535580524 0.24004975124378108 0.11282771535580524 0.04228855721393035
