0 0.3664490049751244 0.25608614232209737 0.13401741293532338 0.10674157303370786
1 0.3603855721393035 0.44709737827715357 0.12748756218905472 0.10767790262172285
2 0.3774875621890547 0.059691011235955056 0.1318407960199005 0.10908239700374532
2 0.3720460199004975 0.16292134831460675 0.13090796019900497 0.10767790262172285
0 0.363339552238806 0.35042134831460675 0.13650497512437812 0.11563670411985019
0 0.3521455223880597 0.536750936329588 0.13650497512437812 0.11563670411985019
0 0.34592661691542287 0.6313202247191011 0.13650497512437812 0.11563670411985019
0 0.34375 0.7212078651685393 0.13650497512437812 0.11563670411985019
0 0.3381529850746269 0.8162453183520599 0.13650497512437812 0.11563670411985019
0 0.33255597014925375 0.908941947565543 0.13650497512437812 0.11563670411985019
