0 0.5439987562189055 0.8043071161048689 0.12095771144278607 0.08801498127340825
0 0.554726368159204 0.6306179775280899 0.12748756218905472 0.09363295880149813
0 0.552860696517413 0.7167602996254682 0.1256218905472637 0.09269662921348315
1 0.590018656716418 0.08497191011235955 0.1234452736318408 0.10908239700374532
1 0.5671641791044776 0.45107677902621723 0.08830845771144279 0.0847378277153558
1 0.5831778606965174 0.28323970037453183 0.11162935323383084 0.08614232209737828
0 0.5631218905472637 0.5273876404494382 0.12375621890547264 0.125
0 0.5752487562189055 0.3579119850187266 0.12375621890547264 0.125
0 0.5864427860696517 0.18656367041198502 0.12375621890547264 0.125
0 0.5962375621890548 0.03417602996254682 0.12095771144278607 0.06835205992509363
