0 0.6332400497512438 0.25608614232209737 0.13401741293532338 0.10674157303370786
1 0.6393034825870647 0.44709737827715357 0.12748756218905472 0.10767790262172285
2 0.6222014925373134 0.059691011235955056 0.1318407960199005 0.10908239700374532
2 0.6276430348258707 0.16292134831460675 0.13090796019900497 0.10767790262172285
0 0.6363495024875622 0.35042134831460675 0.13650497512437812 0.11563670411985019
0 0.6475435323383084 0.536750936329588 0.13650497512437812 0.11563670411985019
0 0.6537624378109452 0.6313202247191011 0.13650497512437812 0.11563670411985019
0 0.6559390547263682 0.7212078651685393 0.13650497512437812 0.11563670411985019
0 0.6615360696517413 0.8162453183520599 0.13650497512437812 0.11563670411985019
0 0.6671330845771144 0.908941947565543 0.13650497512437812 0.11563670411985019
