0 0.5440074906367042 0.059856965174129355 0.17228464419475656 0.053793532338308456
0 0.5433052434456929 0.11318407960199005 0.16900749063670412 0.05721393034825871
0 0.5372191011235955 0.1675995024875622 0.1699438202247191 0.053482587064676616
0 0.5390917602996255 0.22543532338308458 0.16900749063670412 0.060945273631840796
0 0.5362827715355806 0.27782960199004975 0.17649812734082396 0.055659203980099506
0 0.5372191011235955 0.3292910447761194 0.17743445692883894 0.05534825870646766
0 0.5348782771535581 0.3818407960199005 0.17743445692883894 0.055970149253731345
0 0.5304307116104869 0.4375 0.1797752808988764 0.05845771144278607
0 0.5301966292134831 0.4944029850746269 0.17462546816479402 0.05534825870646766
0 0.5259831460674157 0.5486629353233831 0.18117977528089887 0.05752487562189055
0 0.5201310861423221 0.6648009950248757 0.18071161048689138 0.060945273631840796
2 0.5196629213483146 0.7826492537313433 0.18071161048689138 0.060945273631840796
2 0.5177902621722846 0.9146455223880597 0.18445692883895132 0.0830223880597015
0 0.5191947565543071 0.7260572139303483 0.18071161048689138 0.060945273631840796
0 0.5196629213483146 0.8435945273631841 0.18071161048689138 0.060945273631840796
0 0.526685393258427 0.6094527363184079 0.18071161048689138 0.060945273631840796
