0 0.6332400497512438 0.7434456928838952 0.13401741293532338 0.10674157303370786
1 0.6393034825870647 0.552434456928839 0.12748756218905472 0.10767790262172285
2 0.6222014925373134 0.9398408239700374 0.1318407960199005 0.10908239700374532
2 0.6276430348258707 0.8366104868913857 0.13090796019900497 0.10767790262172285
0 0.6363495024875622 0.6491104868913857 0.13650497512437812 0.11563670411985019
0 0.6475435323383084 0.4627808988764045 0.13650497512437812 0.11563670411985019
0 0.6537624378109452 0.3682116104868914 0.13650497512437812 0.11563670411985019
0 0.6559390547263682 0.2783239700374532 0.13650497512437812 0.11563670411985019
0 0.6615360696517413 0.18328651685393257 0.13650497512437812 0.11563670411985019
0 0.6671330845771144 0.09058988764044944 0.13650497512437812 0.11563670411985019
