0 0.3664490049751244 0.7434456928838952 0.13401741293532338 0.10674157303370786
1 0.3603855721393035 0.552434456928839 0.12748756218905472 0.10767790262172285
2 0.3774875621890547 0.9398408239700374 0.1318407960199005 0.10908239700374532
2 0.3720460199004975 0.8366104868913857 0.13090796019900497 0.10767790262172285
0 0.363339552238806 0.6491104868913857 0.13650497512437812 0.11563670411985019
0 0.3521455223880597 0.4627808988764045 0.13650497512437812 0.11563670411985019
0 0.34592661691542287 0.3682116104868914 0.13650497512437812 0.11563670411985019
0 0.34375 0.2783239700374532 0.13650497512437812 0.11563670411985019
0 0.3381529850746269 0.18328651685393257 0.13650497512437812 0.11563670411985019
0 0.33255597014925375 0.09058988764044944 0.13650497512437812 0.11563670411985019
