0 0.4556902985074627 0.8043071161048689 0.12095771144278607 0.08801498127340825
0 0.4449626865671642 0.6306179775280899 0.12748756218905472 0.09363295880149813
0 0.4468283582089552 0.7167602996254682 0.1256218905472637 0.09269662921348315
1 0.40967039800995025 0.08497191011235955 0.1234452736318408 0.10908239700374532
1 0.43252487562189057 0.45107677902621723 0.08830845771144279 0.0847378277153558
1 0.41651119402985076 0.28323970037453183 0.11162935323383084 0.08614232209737828
0 0.43656716417910446 0.5273876404494382 0.12375621890547264 0.125
0 0.4244402985074627 0.3579119850187266 0.12375621890547264 0.125
0 0.41324626865671643 0.18656367041198502 0.12375621890547264 0.125
0 0.40345149253731344 0.03417602996254682 0.12095771144278607 0.06835205992509363
