0 0.2619565217391304 0.2259771986970684 0.10271739130434783 0.14413680781758959
0 0.21834239130434782 0.15166938110749187 0.10190217391304347 0.1445439739413681
1 0.48179347826086955 0.6070846905537459 0.10543478260869565 0.1457654723127036
1 0.35067934782608695 0.38355048859934854 0.10135869565217391 0.15553745928338764
0 0.1721467391304348 0.07227198697068404 0.10190217391304347 0.1445439739413681
0 0.3033967391304348 0.30109934853420195 0.10190217391304347 0.1445439739413681
0 0.39578804347826085 0.4539902280130293 0.09646739130434782 0.13355048859934854
0 0.43709239130434785 0.5240228013029316 0.09646739130434782 0.13355048859934854
0 0.5278532608695652 0.6824104234527687 0.09646739130434782 0.13355048859934854
0 0.6947010869565218 0.7314739413680782 0.09157608695652174 0.16571661237785015
0 0.7421195652173913 0.6895358306188925 0.09184782608695652 0.17141693811074918
0 0.7913043478260869 0.6447475570032574 0.09184782608695652 0.17141693811074918
0 0.839945652173913 0.5979234527687296 0.09184782608695652 0.17141693811074918
0 0.8877717391304348 0.550285016286645 0.09619565217391304 0.17141693811074918
0 0.9410326086956522 0.5063110749185668 0.09619565217391304 0.17141693811074918
0 0.9717391304347827 0.4546009771986971 0.05652173913043478 0.16734527687296416
