1 0.177705223880597 0.7179307116104869 0.08675373134328358 0.1549625468164794
1 0.29819651741293535 0.6266385767790262 0.06778606965174129 0.17649812734082396
1 0.24455845771144277 0.6561329588014981 0.08053482587064677 0.17368913857677903
1 0.3361318407960199 0.586376404494382 0.06778606965174129 0.15589887640449437
1 0.38821517412935325 0.5411985018726592 0.07058457711442787 0.1601123595505618
1 0.5382462686567164 0.44686329588014984 0.08955223880597014 0.16151685393258428
2 0.09701492537313433 0.7677902621722846 0.09639303482587065 0.17134831460674158
0 0.47030472636815923 0.48946629213483145 0.07991293532338309 0.15777153558052434
0 0.7448694029850746 0.9456928838951311 0.09670398009950248 0.10767790262172285
0 0.7305659203980099 0.8647003745318352 0.09670398009950248 0.10767790262172285
0 0.7175062189054726 0.7855805243445693 0.09981343283582089 0.10674157303370786
0 0.7013370646766169 0.7027153558052435 0.09981343283582089 0.10674157303370786
0 0.6857898009950248 0.6198501872659176 0.09981343283582089 0.10674157303370786
0 0.6714863184079602 0.5388576779026217 0.09981343283582089 0.10674157303370786
