0 0.4766791044776119 0.23103932584269662 0.12935323383084577 0.16245318352059926
1 0.3701803482587065 0.4948501872659176 0.12842039800995025 0.15355805243445692
0 0.505907960199005 0.14536516853932585 0.12935323383084577 0.16245318352059926
0 0.5418221393034826 0.07069288389513109 0.11909203980099503 0.14138576779026218
0 0.4412313432835821 0.3190543071161049 0.12313432835820895 0.16526217228464418
0 0.4135572139303483 0.39396067415730335 0.11691542288557213 0.14653558052434457
0 0.33877487562189057 0.5788857677902621 0.1271766169154229 0.16432584269662923
0 0.3095460199004975 0.6523876404494382 0.1271766169154229 0.16432584269662923
1 0.2691231343283582 0.7645131086142322 0.12842039800995025 0.15355805243445692
0 0.12919776119402984 0.8330992509363296 0.12779850746268656 0.18117977528089887
0 0.09592661691542288 0.7759831460674157 0.12779850746268656 0.18117977528089887
0 0.06421019900497513 0.7034176029962547 0.12779850746268656 0.18117977528089887
