0 0.5255149812734082 0.2271455223880597 0.1100187265917603 0.041355721393034825
0 0.5280898876404494 0.26259328358208955 0.11329588014981273 0.03700248756218905
0 0.526685393258427 0.30052860696517414 0.11423220973782772 0.03949004975124378
0 0.5287921348314607 0.41340174129353235 0.11282771535580524 0.04011194029850746
0 0.5290262172284644 0.4505597014925373 0.11235955056179775 0.03793532338308458
0 0.5299625468164794 0.488339552238806 0.11797752808988764 0.038868159203980096
0 0.5308988764044944 0.5674751243781094 0.11704119850187265 0.03793532338308458
0 0.5280898876404494 0.6064987562189055 0.11704119850187265 0.04259950248756219
0 0.5318352059925093 0.6458333333333334 0.11797752808988764 0.03917910447761194
0 0.5294943820224719 0.7271455223880597 0.11423220973782772 0.040733830845771146
2 0.5271535580524345 0.7719216417910447 0.11423220973782772 0.05254975124378109
2 0.5283239700374532 0.5279850746268657 0.11844569288389513 0.04042288557213931
2 0.526685393258427 0.3376865671641791 0.11423220973782772 0.03731343283582089
2 0.525749063670412 0.1875 0.11235955056179775 0.03793532338308458
2 0.5292602996254682 0.6861007462686567 0.11938202247191011 0.03949004975124378
2 0.5255149812734082 0.3736007462686567 0.11376404494382023 0.03575870646766169
