0 0.45552434456928836 0.9398320895522388 0.17228464419475656 0.053793532338308456
0 0.4562265917602996 0.8865049751243781 0.16900749063670412 0.05721393034825871
0 0.462312734082397 0.832089552238806 0.1699438202247191 0.053482587064676616
0 0.460440074906367 0.7742537313432836 0.16900749063670412 0.060945273631840796
0 0.46324906367041196 0.7218594527363185 0.17649812734082396 0.055659203980099506
0 0.462312734082397 0.6703980099502488 0.17743445692883894 0.05534825870646766
0 0.46465355805243447 0.6178482587064676 0.17743445692883894 0.055970149253731345
0 0.4691011235955056 0.5621890547263682 0.1797752808988764 0.05845771144278607
0 0.4693352059925094 0.5052860696517413 0.17462546816479402 0.05534825870646766
0 0.4735486891385768 0.4510261194029851 0.18117977528089887 0.05752487562189055
0 0.4794007490636704 0.33488805970149255 0.18071161048689138 0.060945273631840796
2 0.4798689138576779 0.21703980099502487 0.18071161048689138 0.060945273631840796
2 0.48174157303370785 0.08504353233830846 0.18445692883895132 0.0830223880597015
0 0.4803370786516854 0.2736318407960199 0.18071161048689138 0.060945273631840796
0 0.4798689138576779 0.15609452736318408 0.18071161048689138 0.060945273631840796
0 0.47284644194756553 0.3902363184079602 0.18071161048689138 0.060945273631840796
