0 0.5021067415730337 0.2978855721393035 0.1540262172284644 0.055970149253731345
0 0.49157303370786515 0.4373445273631841 0.15543071161048688 0.053793532338308456
0 0.48782771535580527 0.4833644278606965 0.15543071161048688 0.05503731343283582
2 0.525749063670412 0.03342661691542288 0.15636704119850187 0.05254975124378109
2 0.5110018726591761 0.20848880597014927 0.15215355805243447 0.05690298507462686
2 0.49976591760299627 0.3423507462686567 0.15121722846441948 0.04975124378109453
2 0.4974250936329588 0.38899253731343286 0.1540262172284644 0.053482587064676616
2 0.47846441947565543 0.5893967661691543 0.16292134831460675 0.07991293532338309
0 0.4836142322097378 0.5276741293532339 0.15823970037453183 0.04975124378109453
0 0.5042134831460674 0.2566853233830846 0.15543071161048688 0.053793532338308456
0 0.5154494382022472 0.16215796019900497 0.15543071161048688 0.053793532338308456
0 0.5201310861423221 0.12235696517412935 0.15543071161048688 0.053793532338308456
0 0.526685393258427 0.07944651741293532 0.15543071161048688 0.053793532338308456
