0 0.7377717391304348 0.7736156351791531 0.10271739130434783 0.14413680781758959
0 0.7813858695652174 0.8479234527687296 0.10190217391304347 0.1445439739413681
1 0.5179347826086956 0.3925081433224756 0.10543478260869565 0.1457654723127036
1 0.6490489130434782 0.616042345276873 0.10135869565217391 0.15553745928338764
0 0.8275815217391305 0.9273208469055375 0.10190217391304347 0.1445439739413681
0 0.6963315217391305 0.6984934853420195 0.10190217391304347 0.1445439739413681
0 0.6039402173913043 0.5456026058631922 0.09646739130434782 0.13355048859934854
0 0.5626358695652174 0.4755700325732899 0.09646739130434782 0.13355048859934854
0 0.471875 0.31718241042345274 0.09646739130434782 0.13355048859934854
0 0.30502717391304346 0.2681188925081433 0.09157608695652174 0.16571661237785015
0 0.2576086956521739 0.310057003257329 0.09184782608695652 0.17141693811074918
0 0.20842391304347826 0.3548452768729642 0.09184782608695652 0.17141693811074918
0 0.15978260869565217 0.40166938110749184 0.09184782608695652 0.17141693811074918
0 0.11195652173913044 0.44930781758957655 0.09619565217391304 0.17141693811074918
0 0.058695652173913045 0.49328175895765475 0.09619565217391304 0.17141693811074918
0 0.02826086956521739 0.5449918566775245 0.05652173913043478 0.16734527687296416
