0 0.4351679104477612 0.3738295880149813 0.11162935323383084 0.08380149812734082
1 0.42879353233830847 0.5365168539325843 0.10074626865671642 0.08333333333333333
0 0.4376554726368159 0.044709737827715354 0.11162935323383084 0.08941947565543071
0 0.4373445273631841 0.12617041198501872 0.11162935323383084 0.08941947565543071
0 0.43796641791044777 0.2066947565543071 0.11162935323383084 0.08941947565543071
0 0.43641169154228854 0.28909176029962547 0.11162935323383084 0.08941947565543071
0 0.433613184079602 0.44967228464419473 0.11162935323383084 0.08941947565543071
0 0.4326803482587065 0.612125468164794 0.11162935323383084 0.08941947565543071
0 0.4298818407960199 0.6954588014981273 0.11162935323383084 0.08941947565543071
0 0.4295708955223881 0.7713014981273408 0.11162935323383084 0.08941947565543071
0 0.42490671641791045 0.8560393258426966 0.11162935323383084 0.08941947565543071
0 0.42739427860696516 0.9318820224719101 0.11162935323383084 0.08941947565543071
