0 0.6317883895131086 0.478544776119403 0.14279026217228463 0.048507462686567165
0 0.6357677902621723 0.12468905472636815 0.15168539325842698 0.07276119402985075
0 0.6341292134831461 0.3816853233830846 0.14653558052434457 0.048196517412935326
0 0.6261704119850188 0.8123445273631841 0.1446629213483146 0.04508706467661692
0 0.6271067415730337 0.8603855721393034 0.14279026217228463 0.04975124378109453
2 0.6287453183520599 0.7176616915422885 0.14138576779026218 0.049129353233830844
2 0.6278089887640449 0.6242226368159204 0.14232209737827714 0.04508706467661692
0 0.6285112359550562 0.5289179104477612 0.14747191011235955 0.049129353233830844
2 0.6296816479400749 0.5752487562189055 0.14232209737827714 0.05286069651741294
2 0.6345973782771536 0.236318407960199 0.1502808988764045 0.048507462686567165
2 0.6341292134831461 0.2849813432835821 0.14934456928838952 0.05254975124378109
2 0.6338951310861424 0.3351990049751244 0.14794007490636704 0.049129353233830844
2 0.6280430711610487 0.6713308457711443 0.1446629213483146 0.049129353233830844
2 0.6275749063670412 0.7649253731343284 0.14279026217228463 0.048507462686567165
2 0.6329588014981273 0.4312810945273632 0.15262172284644196 0.05037313432835821
2 0.6364700374531835 0.1875 0.14653558052434457 0.05223880597014925
