0 0.46781716417910446 0.3981741573033708 0.12842039800995025 0.10533707865168539
1 0.47341417910447764 0.5664794007490637 0.13463930348258707 0.08895131086142322
0 0.45848880597014924 0.05266853932584269 0.12842039800995025 0.10533707865168539
0 0.46408582089552236 0.13927902621722846 0.12842039800995025 0.10533707865168539
0 0.46470771144278605 0.22776217228464418 0.12842039800995025 0.10533707865168539
0 0.46532960199004975 0.31015917602996257 0.12842039800995025 0.10533707865168539
0 0.47092661691542287 0.48057116104868913 0.12842039800995025 0.10533707865168539
0 0.47294776119402987 0.6486423220973783 0.1287313432835821 0.08941947565543071
0 0.4793221393034826 0.7207397003745318 0.12842039800995025 0.10533707865168539
0 0.48056592039800994 0.8040730337078652 0.12842039800995025 0.10533707865168539
0 0.482431592039801 0.8785112359550562 0.12842039800995025 0.10533707865168539
0 0.4852300995024876 0.9557584269662921 0.12779850746268656 0.08848314606741572
