0 0.5167119565217392 0.745928338762215 0.0779891304347826 0.057003257328990226
0 0.522554347826087 0.8495521172638436 0.07608695652173914 0.04519543973941368
0 0.5293478260869565 0.9026872964169381 0.07336956521739131 0.05537459283387622
0 0.5065217391304347 0.4993892508143323 0.07989130434782608 0.054967426710097717
0 0.5101902173913043 0.6473941368078175 0.07744565217391304 0.052931596091205214
2 0.5195652173913043 0.7994706840390879 0.07934782608695652 0.054967426710097717
2 0.5070652173913044 0.5490635179153095 0.07771739130434782 0.06229641693811075
2 0.5039402173913043 0.40166938110749184 0.08179347826086956 0.06229641693811075
2 0.5 0.2915309446254072 0.08043478260869565 0.07573289902280131
2 0.503125 0.3513843648208469 0.07907608695652174 0.05781758957654723
0 0.5065217391304347 0.45093648208469056 0.07989130434782608 0.054967426710097717
0 0.5063858695652174 0.5936482084690554 0.07744565217391304 0.052931596091205214
0 0.5150815217391305 0.6970684039087948 0.07744565217391304 0.052931596091205214
