0 0.5114130434782609 0.42569218241042345 0.08586956521739131 0.06392508143322476
0 0.5172554347826087 0.4765879478827362 0.08722826086956521 0.06473941368078176
2 0.49782608695652175 0.2616042345276873 0.08586956521739131 0.06636807817589577
2 0.5251358695652174 0.6368078175895765 0.08722826086956521 0.06514657980456026
2 0.5311141304347826 0.7579397394136808 0.08668478260869565 0.08021172638436481
0 0.5275815217391304 0.6919788273615635 0.08722826086956521 0.06473941368078176
0 0.521875 0.5816368078175895 0.08722826086956521 0.06473941368078176
0 0.5186141304347827 0.5339983713355049 0.08722826086956521 0.06473941368078176
0 0.5088315217391305 0.37276058631921827 0.08722826086956521 0.06473941368078176
0 0.5050271739130435 0.31982899022801303 0.08722826086956521 0.06473941368078176
0 0.49116847826086957 0.20622964169381108 0.08722826086956521 0.06473941368078176
0 0.48355978260869564 0.14963355048859936 0.08722826086956521 0.06473941368078176
0 0.47377717391304347 0.09466612377850163 0.08722826086956521 0.06473941368078176
