0 0.5080845771144279 0.8422284644194756 0.1013681592039801 0.08801498127340825
0 0.5035758706467661 0.36750936329588013 0.10167910447761194 0.07958801498127341
1 0.5076181592039801 0.6825842696629213 0.09483830845771145 0.08239700374531835
1 0.5062189054726368 0.5222378277153558 0.10696517412935323 0.08099250936329588
0 0.5083955223880597 0.9297752808988764 0.1013681592039801 0.08801498127340825
0 0.5065298507462687 0.7607677902621723 0.1013681592039801 0.08801498127340825
0 0.5052860696517413 0.600187265917603 0.1013681592039801 0.08801498127340825
0 0.5031094527363185 0.44288389513108617 0.1013681592039801 0.08801498127340825
0 0.5018656716417911 0.2893258426966292 0.1013681592039801 0.08801498127340825
0 0.5018656716417911 0.2055243445692884 0.1013681592039801 0.08801498127340825
