0 0.49429347826086956 0.46783387622149836 0.0766304347826087 0.13436482084690554
2 0.54375 0.4142915309446254 0.08152173913043478 0.125814332247557
0 0.4722826086956522 0.4995928338762215 0.0766304347826087 0.13436482084690554
0 0.44864130434782606 0.5260586319218241 0.0766304347826087 0.13436482084690554
0 0.42445652173913045 0.5545602605863192 0.0766304347826087 0.13436482084690554
0 0.3978260869565217 0.5798045602605864 0.0766304347826087 0.13436482084690554
0 0.3736413043478261 0.6050488599348535 0.0766304347826087 0.13436482084690554
0 0.34891304347826085 0.6302931596091205 0.0766304347826087 0.13436482084690554
0 0.3233695652173913 0.6518729641693811 0.0766304347826087 0.13436482084690554
0 0.297554347826087 0.6693811074918566 0.0766304347826087 0.13436482084690554
0 0.2720108695652174 0.6934039087947883 0.0766304347826087 0.13436482084690554
0 0.24320652173913043 0.7109120521172638 0.0766304347826087 0.13436482084690554
0 0.05326086956521739 0.5928338762214984 0.07608695652173914 0.10993485342019543
0 0.030706521739130434 0.5354234527687296 0.06141304347826087 0.11400651465798045
