0 0.5318718905472637 0.6013576779026217 0.12842039800995025 0.10533707865168539
1 0.5262748756218906 0.4330524344569288 0.13463930348258707 0.08895131086142322
0 0.5412002487562189 0.9468632958801498 0.12842039800995025 0.10533707865168539
0 0.5356032338308457 0.860252808988764 0.12842039800995025 0.10533707865168539
0 0.534981343283582 0.7717696629213483 0.12842039800995025 0.10533707865168539
0 0.5343594527363185 0.68937265917603 0.12842039800995025 0.10533707865168539
0 0.5287624378109452 0.5189606741573034 0.12842039800995025 0.10533707865168539
0 0.5267412935323383 0.3508895131086142 0.1287313432835821 0.08941947565543071
0 0.5203669154228856 0.27879213483146065 0.12842039800995025 0.10533707865168539
0 0.5191231343283582 0.19545880149812733 0.12842039800995025 0.10533707865168539
0 0.5172574626865671 0.12102059925093633 0.12842039800995025 0.10533707865168539
0 0.5144589552238806 0.04424157303370786 0.12779850746268656 0.08848314606741572
