0 0.4351679104477612 0.6257022471910112 0.11162935323383084 0.08380149812734082
1 0.42879353233830847 0.46301498127340823 0.10074626865671642 0.08333333333333333
0 0.4376554726368159 0.9548220973782772 0.11162935323383084 0.08941947565543071
0 0.4373445273631841 0.8733614232209738 0.11162935323383084 0.08941947565543071
0 0.43796641791044777 0.7928370786516854 0.11162935323383084 0.08941947565543071
0 0.43641169154228854 0.7104400749063671 0.11162935323383084 0.08941947565543071
0 0.433613184079602 0.5498595505617978 0.11162935323383084 0.08941947565543071
0 0.4326803482587065 0.3874063670411985 0.11162935323383084 0.08941947565543071
0 0.4298818407960199 0.30407303370786515 0.11162935323383084 0.08941947565543071
0 0.4295708955223881 0.22823033707865167 0.11162935323383084 0.08941947565543071
0 0.42490671641791045 0.14349250936329588 0.11162935323383084 0.08941947565543071
0 0.42739427860696516 0.0676498127340824 0.11162935323383084 0.08941947565543071
