0 0.6317883895131086 0.5211442786069652 0.14279026217228463 0.048507462686567165
0 0.6357677902621723 0.875 0.15168539325842698 0.07276119402985075
0 0.6341292134831461 0.6180037313432836 0.14653558052434457 0.048196517412935326
0 0.6261704119850188 0.18734452736318408 0.1446629213483146 0.04508706467661692
0 0.6271067415730337 0.13930348258706468 0.14279026217228463 0.04975124378109453
2 0.6287453183520599 0.2820273631840796 0.14138576779026218 0.049129353233830844
2 0.6278089887640449 0.37546641791044777 0.14232209737827714 0.04508706467661692
0 0.6285112359550562 0.47077114427860695 0.14747191011235955 0.049129353233830844
2 0.6296816479400749 0.4244402985074627 0.14232209737827714 0.05286069651741294
2 0.6345973782771536 0.7633706467661692 0.1502808988764045 0.048507462686567165
2 0.6341292134831461 0.7147077114427861 0.14934456928838952 0.05254975124378109
2 0.6338951310861424 0.6644900497512438 0.14794007490636704 0.049129353233830844
2 0.6280430711610487 0.3283582089552239 0.1446629213483146 0.049129353233830844
2 0.6275749063670412 0.2347636815920398 0.14279026217228463 0.048507462686567165
2 0.6329588014981273 0.568407960199005 0.15262172284644196 0.05037313432835821
2 0.6364700374531835 0.8121890547263682 0.14653558052434457 0.05223880597014925
