0 0.49429347826086956 0.5317589576547231 0.0766304347826087 0.13436482084690554
2 0.54375 0.5853013029315961 0.08152173913043478 0.125814332247557
0 0.4722826086956522 0.5 0.0766304347826087 0.13436482084690554
0 0.44864130434782606 0.4735342019543974 0.0766304347826087 0.13436482084690554
0 0.42445652173913045 0.44503257328990226 0.0766304347826087 0.13436482084690554
0 0.3978260869565217 0.4197882736156352 0.0766304347826087 0.13436482084690554
0 0.3736413043478261 0.3945439739413681 0.0766304347826087 0.13436482084690554
0 0.34891304347826085 0.369299674267101 0.0766304347826087 0.13436482084690554
0 0.3233695652173913 0.3477198697068404 0.0766304347826087 0.13436482084690554
0 0.297554347826087 0.3302117263843648 0.0766304347826087 0.13436482084690554
0 0.2720108695652174 0.30618892508143325 0.0766304347826087 0.13436482084690554
0 0.24320652173913043 0.28868078175895767 0.0766304347826087 0.13436482084690554
0 0.05326086956521739 0.40675895765472314 0.07608695652173914 0.10993485342019543
0 0.030706521739130434 0.46416938110749184 0.06141304347826087 0.11400651465798045
