0 0.564521144278607 0.3738295880149813 0.11162935323383084 0.08380149812734082
1 0.5708955223880597 0.5365168539325843 0.10074626865671642 0.08333333333333333
0 0.5620335820895522 0.044709737827715354 0.11162935323383084 0.08941947565543071
0 0.5623445273631841 0.12617041198501872 0.11162935323383084 0.08941947565543071
0 0.5617226368159204 0.2066947565543071 0.11162935323383084 0.08941947565543071
0 0.5632773631840796 0.28909176029962547 0.11162935323383084 0.08941947565543071
0 0.5660758706467661 0.44967228464419473 0.11162935323383084 0.08941947565543071
0 0.5670087064676617 0.612125468164794 0.11162935323383084 0.08941947565543071
0 0.5698072139303483 0.6954588014981273 0.11162935323383084 0.08941947565543071
0 0.5701181592039801 0.7713014981273408 0.11162935323383084 0.08941947565543071
0 0.5747823383084577 0.8560393258426966 0.11162935323383084 0.08941947565543071
0 0.5722947761194029 0.9318820224719101 0.11162935323383084 0.08941947565543071
