0 0.4916044776119403 0.8422284644194756 0.1013681592039801 0.08801498127340825
0 0.496113184079602 0.36750936329588013 0.10167910447761194 0.07958801498127341
1 0.4920708955223881 0.6825842696629213 0.09483830845771145 0.08239700374531835
1 0.49347014925373134 0.5222378277153558 0.10696517412935323 0.08099250936329588
0 0.49129353233830847 0.9297752808988764 0.1013681592039801 0.08801498127340825
0 0.4931592039800995 0.7607677902621723 0.1013681592039801 0.08801498127340825
0 0.4944029850746269 0.600187265917603 0.1013681592039801 0.08801498127340825
0 0.49657960199004975 0.44288389513108617 0.1013681592039801 0.08801498127340825
0 0.49782338308457713 0.2893258426966292 0.1013681592039801 0.08801498127340825
0 0.49782338308457713 0.2055243445692884 0.1013681592039801 0.08801498127340825
