0 0.46781716417910446 0.6013576779026217 0.12842039800995025 0.10533707865168539
1 0.47341417910447764 0.4330524344569288 0.13463930348258707 0.08895131086142322
0 0.45848880597014924 0.9468632958801498 0.12842039800995025 0.10533707865168539
0 0.46408582089552236 0.860252808988764 0.12842039800995025 0.10533707865168539
0 0.46470771144278605 0.7717696629213483 0.12842039800995025 0.10533707865168539
0 0.46532960199004975 0.68937265917603 0.12842039800995025 0.10533707865168539
0 0.47092661691542287 0.5189606741573034 0.12842039800995025 0.10533707865168539
0 0.47294776119402987 0.3508895131086142 0.1287313432835821 0.08941947565543071
0 0.4793221393034826 0.27879213483146065 0.12842039800995025 0.10533707865168539
0 0.48056592039800994 0.19545880149812733 0.12842039800995025 0.10533707865168539
0 0.482431592039801 0.12102059925093633 0.12842039800995025 0.10533707865168539
0 0.4852300995024876 0.04424157303370786 0.12779850746268656 0.08848314606741572
