0 0.5080845771144279 0.15730337078651685 0.1013681592039801 0.08801498127340825
0 0.5035758706467661 0.6320224719101124 0.10167910447761194 0.07958801498127341
1 0.5076181592039801 0.3169475655430712 0.09483830845771145 0.08239700374531835
1 0.5062189054726368 0.4772940074906367 0.10696517412935323 0.08099250936329588
0 0.5083955223880597 0.06975655430711611 0.1013681592039801 0.08801498127340825
0 0.5065298507462687 0.23876404494382023 0.1013681592039801 0.08801498127340825
0 0.5052860696517413 0.3993445692883895 0.1013681592039801 0.08801498127340825
0 0.5031094527363185 0.5566479400749064 0.1013681592039801 0.08801498127340825
0 0.5018656716417911 0.7102059925093633 0.1013681592039801 0.08801498127340825
0 0.5018656716417911 0.7940074906367042 0.1013681592039801 0.08801498127340825
