0 0.5318718905472637 0.3981741573033708 0.12842039800995025 0.10533707865168539
1 0.5262748756218906 0.5664794007490637 0.13463930348258707 0.08895131086142322
0 0.5412002487562189 0.05266853932584269 0.12842039800995025 0.10533707865168539
0 0.5356032338308457 0.13927902621722846 0.12842039800995025 0.10533707865168539
0 0.534981343283582 0.22776217228464418 0.12842039800995025 0.10533707865168539
0 0.5343594527363185 0.31015917602996257 0.12842039800995025 0.10533707865168539
0 0.5287624378109452 0.48057116104868913 0.12842039800995025 0.10533707865168539
0 0.5267412935323383 0.6486423220973783 0.1287313432835821 0.08941947565543071
0 0.5203669154228856 0.7207397003745318 0.12842039800995025 0.10533707865168539
0 0.5191231343283582 0.8040730337078652 0.12842039800995025 0.10533707865168539
0 0.5172574626865671 0.8785112359550562 0.12842039800995025 0.10533707865168539
0 0.5144589552238806 0.9557584269662921 0.12779850746268656 0.08848314606741572
