0 0.5167119565217392 0.2536644951140065 0.0779891304347826 0.057003257328990226
0 0.522554347826087 0.15004071661237786 0.07608695652173914 0.04519543973941368
0 0.5293478260869565 0.09690553745928339 0.07336956521739131 0.05537459283387622
0 0.5065217391304347 0.5002035830618893 0.07989130434782608 0.054967426710097717
0 0.5101902173913043 0.3521986970684039 0.07744565217391304 0.052931596091205214
2 0.5195652173913043 0.20012214983713356 0.07934782608695652 0.054967426710097717
2 0.5070652173913044 0.45052931596091206 0.07771739130434782 0.06229641693811075
2 0.5039402173913043 0.5979234527687296 0.08179347826086956 0.06229641693811075
2 0.5 0.7080618892508144 0.08043478260869565 0.07573289902280131
2 0.503125 0.6482084690553745 0.07907608695652174 0.05781758957654723
0 0.5065217391304347 0.5486563517915309 0.07989130434782608 0.054967426710097717
0 0.5063858695652174 0.40594462540716614 0.07744565217391304 0.052931596091205214
0 0.5150815217391305 0.30252442996742673 0.07744565217391304 0.052931596091205214
