0 0.4916044776119403 0.15730337078651685 0.1013681592039801 0.08801498127340825
0 0.496113184079602 0.6320224719101124 0.10167910447761194 0.07958801498127341
1 0.4920708955223881 0.3169475655430712 0.09483830845771145 0.08239700374531835
1 0.49347014925373134 0.4772940074906367 0.10696517412935323 0.08099250936329588
0 0.49129353233830847 0.06975655430711611 0.1013681592039801 0.08801498127340825
0 0.4931592039800995 0.23876404494382023 0.1013681592039801 0.08801498127340825
0 0.4944029850746269 0.3993445692883895 0.1013681592039801 0.08801498127340825
0 0.49657960199004975 0.5566479400749064 0.1013681592039801 0.08801498127340825
0 0.49782338308457713 0.7102059925093633 0.1013681592039801 0.08801498127340825
0 0.49782338308457713 0.7940074906367042 0.1013681592039801 0.08801498127340825
