0 0.5054347826086957 0.46783387622149836 0.0766304347826087 0.13436482084690554
2 0.4559782608695652 0.4142915309446254 0.08152173913043478 0.125814332247557
0 0.527445652173913 0.4995928338762215 0.0766304347826087 0.13436482084690554
0 0.5510869565217391 0.5260586319218241 0.0766304347826087 0.13436482084690554
0 0.5752717391304348 0.5545602605863192 0.0766304347826087 0.13436482084690554
0 0.6019021739130435 0.5798045602605864 0.0766304347826087 0.13436482084690554
0 0.6260869565217392 0.6050488599348535 0.0766304347826087 0.13436482084690554
0 0.6508152173913043 0.6302931596091205 0.0766304347826087 0.13436482084690554
0 0.6763586956521739 0.6518729641693811 0.0766304347826087 0.13436482084690554
0 0.7021739130434783 0.6693811074918566 0.0766304347826087 0.13436482084690554
0 0.7277173913043479 0.6934039087947883 0.0766304347826087 0.13436482084690554
0 0.7565217391304347 0.7109120521172638 0.0766304347826087 0.13436482084690554
0 0.9464673913043479 0.5928338762214984 0.07608695652173914 0.10993485342019543
0 0.9690217391304348 0.5354234527687296 0.06141304347826087 0.11400651465798045
