0 0.48831521739130435 0.42569218241042345 0.08586956521739131 0.06392508143322476
0 0.4824728260869565 0.4765879478827362 0.08722826086956521 0.06473941368078176
2 0.5019021739130435 0.2616042345276873 0.08586956521739131 0.06636807817589577
2 0.4745923913043478 0.6368078175895765 0.08722826086956521 0.06514657980456026
2 0.4686141304347826 0.7579397394136808 0.08668478260869565 0.08021172638436481
0 0.47214673913043476 0.6919788273615635 0.08722826086956521 0.06473941368078176
0 0.4778532608695652 0.5816368078175895 0.08722826086956521 0.06473941368078176
0 0.4811141304347826 0.5339983713355049 0.08722826086956521 0.06473941368078176
0 0.4908967391304348 0.37276058631921827 0.08722826086956521 0.06473941368078176
0 0.49470108695652176 0.31982899022801303 0.08722826086956521 0.06473941368078176
0 0.5085597826086956 0.20622964169381108 0.08722826086956521 0.06473941368078176
0 0.5161684782608695 0.14963355048859936 0.08722826086956521 0.06473941368078176
0 0.5259510869565217 0.09466612377850163 0.08722826086956521 0.06473941368078176
