0 0.564521144278607 0.6257022471910112 0.11162935323383084 0.08380149812734082
1 0.5708955223880597 0.46301498127340823 0.10074626865671642 0.08333333333333333
0 0.5620335820895522 0.9548220973782772 0.11162935323383084 0.08941947565543071
0 0.5623445273631841 0.8733614232209738 0.11162935323383084 0.08941947565543071
0 0.5617226368159204 0.7928370786516854 0.11162935323383084 0.08941947565543071
0 0.5632773631840796 0.7104400749063671 0.11162935323383084 0.08941947565543071
0 0.5660758706467661 0.5498595505617978 0.11162935323383084 0.08941947565543071
0 0.5670087064676617 0.3874063670411985 0.11162935323383084 0.08941947565543071
0 0.5698072139303483 0.30407303370786515 0.11162935323383084 0.08941947565543071
0 0.5701181592039801 0.22823033707865167 0.11162935323383084 0.08941947565543071
0 0.5747823383084577 0.14349250936329588 0.11162935323383084 0.08941947565543071
0 0.5722947761194029 0.0676498127340824 0.11162935323383084 0.08941947565543071
