0 0.5054347826086957 0.5317589576547231 0.0766304347826087 0.13436482084690554
2 0.4559782608695652 0.5853013029315961 0.08152173913043478 0.125814332247557
0 0.527445652173913 0.5 0.0766304347826087 0.13436482084690554
0 0.5510869565217391 0.4735342019543974 0.0766304347826087 0.13436482084690554
0 0.5752717391304348 0.44503257328990226 0.0766304347826087 0.13436482084690554
0 0.6019021739130435 0.4197882736156352 0.0766304347826087 0.13436482084690554
0 0.6260869565217392 0.3945439739413681 0.0766304347826087 0.13436482084690554
0 0.6508152173913043 0.369299674267101 0.0766304347826087 0.13436482084690554
0 0.6763586956521739 0.3477198697068404 0.0766304347826087 0.13436482084690554
0 0.7021739130434783 0.3302117263843648 0.0766304347826087 0.13436482084690554
0 0.7277173913043479 0.30618892508143325 0.0766304347826087 0.13436482084690554
0 0.7565217391304347 0.28868078175895767 0.0766304347826087 0.13436482084690554
0 0.9464673913043479 0.40675895765472314 0.07608695652173914 0.10993485342019543
0 0.9690217391304348 0.46416938110749184 0.06141304347826087 0.11400651465798045
