0 0.48831521739130435 0.573900651465798 0.08586956521739131 0.06392508143322476
0 0.4824728260869565 0.5230048859934854 0.08722826086956521 0.06473941368078176
2 0.5019021739130435 0.7379885993485342 0.08586956521739131 0.06636807817589577
2 0.4745923913043478 0.36278501628664495 0.08722826086956521 0.06514657980456026
2 0.4686141304347826 0.2416530944625407 0.08668478260869565 0.08021172638436481
0 0.47214673913043476 0.307614006514658 0.08722826086956521 0.06473941368078176
0 0.4778532608695652 0.4179560260586319 0.08722826086956521 0.06473941368078176
0 0.4811141304347826 0.4655944625407166 0.08722826086956521 0.06473941368078176
0 0.4908967391304348 0.6268322475570033 0.08722826086956521 0.06473941368078176
0 0.49470108695652176 0.6797638436482085 0.08722826086956521 0.06473941368078176
0 0.5085597826086956 0.7933631921824105 0.08722826086956521 0.06473941368078176
0 0.5161684782608695 0.8499592833876222 0.08722826086956521 0.06473941368078176
0 0.5259510869565217 0.9049267100977199 0.08722826086956521 0.06473941368078176
