0 0.5114130434782609 0.573900651465798 0.08586956521739131 0.06392508143322476
0 0.5172554347826087 0.5230048859934854 0.08722826086956521 0.06473941368078176
2 0.49782608695652175 0.7379885993485342 0.08586956521739131 0.06636807817589577
2 0.5251358695652174 0.36278501628664495 0.08722826086956521 0.06514657980456026
2 0.5311141304347826 0.2416530944625407 0.08668478260869565 0.08021172638436481
0 0.5275815217391304 0.307614006514658 0.08722826086956521 0.06473941368078176
0 0.521875 0.4179560260586319 0.08722826086956521 0.06473941368078176
0 0.5186141304347827 0.4655944625407166 0.08722826086956521 0.06473941368078176
0 0.5088315217391305 0.6268322475570033 0.08722826086956521 0.06473941368078176
0 0.5050271739130435 0.6797638436482085 0.08722826086956521 0.06473941368078176
0 0.49116847826086957 0.7933631921824105 0.08722826086956521 0.06473941368078176
0 0.48355978260869564 0.8499592833876222 0.08722826086956521 0.06473941368078176
0 0.47377717391304347 0.9049267100977199 0.08722826086956521 0.06473941368078176
