0 0.290625 0.7876628664495114 0.09103260869565218 0.15594462540716614
0 0.47119565217391307 0.625 0.09510869565217392 0.15798045602605862
2 0.5027173913043478 0.5969055374592834 0.10163043478260869 0.16612377850162866
0 0.4418478260869565 0.6535016286644951 0.09510869565217392 0.15798045602605862
0 0.4108695652173913 0.6828175895765473 0.09510869565217392 0.15798045602605862
0 0.38315217391304346 0.7080618892508144 0.09510869565217392 0.15798045602605862
0 0.3527173913043478 0.7365635179153095 0.09510869565217392 0.15798045602605862
0 0.3222826086956522 0.7626221498371335 0.09510869565217392 0.15798045602605862
0 0.266304347826087 0.8114820846905537 0.09510869565217392 0.15798045602605862
0 0.2326086956521739 0.8334690553745928 0.09510869565217392 0.15798045602605862
0 0.20380434782608695 0.8562703583061889 0.09510869565217392 0.15798045602605862
0 0.1733695652173913 0.879885993485342 0.09510869565217392 0.15798045602605862
0 0.14076086956521738 0.8986156351791531 0.09510869565217392 0.15798045602605862
