0 0.7091032608695652 0.7876628664495114 0.09103260869565218 0.15594462540716614
0 0.5285326086956522 0.625 0.09510869565217392 0.15798045602605862
2 0.4970108695652174 0.5969055374592834 0.10163043478260869 0.16612377850162866
0 0.5578804347826087 0.6535016286644951 0.09510869565217392 0.15798045602605862
0 0.5888586956521739 0.6828175895765473 0.09510869565217392 0.15798045602605862
0 0.6165760869565218 0.7080618892508144 0.09510869565217392 0.15798045602605862
0 0.6470108695652174 0.7365635179153095 0.09510869565217392 0.15798045602605862
0 0.6774456521739131 0.7626221498371335 0.09510869565217392 0.15798045602605862
0 0.7334239130434783 0.8114820846905537 0.09510869565217392 0.15798045602605862
0 0.7671195652173913 0.8334690553745928 0.09510869565217392 0.15798045602605862
0 0.7959239130434783 0.8562703583061889 0.09510869565217392 0.15798045602605862
0 0.8263586956521739 0.879885993485342 0.09510869565217392 0.15798045602605862
0 0.8589673913043478 0.8986156351791531 0.09510869565217392 0.15798045602605862
