0 0.44755434782608694 0.38619706840390877 0.09456521739130434 0.08102605863192182
1 0.4544836956521739 0.5146579804560261 0.08885869565217391 0.07899022801302931
0 0.44266304347826085 0.039902280130293157 0.09456521739130434 0.07980456026058631
0 0.4440217391304348 0.10504885993485343 0.09456521739130434 0.07980456026058631
0 0.4434782608695652 0.1746742671009772 0.09456521739130434 0.07980456026058631
0 0.4464673913043478 0.24592833876221498 0.09456521739130434 0.07980456026058631
0 0.4489130434782609 0.30863192182410426 0.09456521739130434 0.07980456026058631
0 0.4489130434782609 0.44666123778501626 0.09456521739130434 0.07980456026058631
0 0.4513586956521739 0.6441368078175895 0.09456521739130434 0.07980456026058631
0 0.453804347826087 0.7125407166123778 0.09456521739130434 0.07980456026058631
0 0.45625 0.7785016286644951 0.09456521739130434 0.07980456026058631
0 0.45570652173913045 0.8436482084690554 0.09456521739130434 0.07980456026058631
