0 0.6027173913043479 0.6803745928338762 0.08695652173913043 0.16530944625407165
2 0.3339673913043478 0.4883957654723127 0.10108695652173913 0.16815960912052116
0 0.41304347826086957 0.5468241042345277 0.08695652173913043 0.16530944625407165
0 0.45 0.5765472312703583 0.08695652173913043 0.16530944625407165
0 0.48967391304347824 0.6042345276872965 0.08695652173913043 0.16530944625407165
0 0.5271739130434783 0.6278501628664495 0.08695652173913043 0.16530944625407165
0 0.5635869565217392 0.6575732899022801 0.08695652173913043 0.16530944625407165
0 0.6402173913043478 0.7039902280130294 0.08695652173913043 0.16530944625407165
0 0.6793478260869565 0.7308631921824105 0.08695652173913043 0.16530944625407165
0 0.717391304347826 0.746742671009772 0.08695652173913043 0.16530944625407165
0 0.7543478260869565 0.7703583061889251 0.08695652173913043 0.16530944625407165
2 0.8021739130434783 0.7894951140065146 0.07934782608695652 0.16775244299674266
0 0.949320652173913 0.6205211726384365 0.10027173913043479 0.11726384364820847
0 0.920516304347826 0.6925895765472313 0.10027173913043479 0.11726384364820847
0 0.9664402173913044 0.5317589576547231 0.06657608695652174 0.11074918566775244
