0 0.5521739130434783 0.6133957654723127 0.09456521739130434 0.08102605863192182
1 0.5452445652173913 0.48493485342019543 0.08885869565217391 0.07899022801302931
0 0.5570652173913043 0.9596905537459284 0.09456521739130434 0.07980456026058631
0 0.5557065217391305 0.8945439739413681 0.09456521739130434 0.07980456026058631
0 0.55625 0.8249185667752443 0.09456521739130434 0.07980456026058631
0 0.5532608695652174 0.7536644951140065 0.09456521739130434 0.07980456026058631
0 0.5508152173913043 0.6909609120521173 0.09456521739130434 0.07980456026058631
0 0.5508152173913043 0.5529315960912052 0.09456521739130434 0.07980456026058631
0 0.5483695652173913 0.3554560260586319 0.09456521739130434 0.07980456026058631
0 0.5459239130434783 0.28705211726384366 0.09456521739130434 0.07980456026058631
0 0.5434782608695652 0.22109120521172637 0.09456521739130434 0.07980456026058631
0 0.5440217391304348 0.15594462540716614 0.09456521739130434 0.07980456026058631
