0 0.5989130434782609 0.3894543973941368 0.04456521739130435 0.12092833876221498
0 0.683695652173913 0.378257328990228 0.042934782608695654 0.12214983713355049
0 0.7717391304347826 0.3609527687296417 0.04565217391304348 0.125814332247557
0 0.8195652173913044 0.3554560260586319 0.05271739130434783 0.12296416938110749
2 0.7270380434782608 0.36991042345276876 0.04646739130434783 0.125814332247557
0 0.6418478260869566 0.38273615635179153 0.04728260869565217 0.12214983713355049
0 0.5569293478260869 0.3951547231270358 0.04592391304347826 0.12092833876221498
0 0.5150815217391305 0.40451954397394135 0.0453804347826087 0.12011400651465798
0 0.47133152173913045 0.4126628664495114 0.0453804347826087 0.12011400651465798
0 0.4308423913043478 0.4187703583061889 0.0453804347826087 0.12011400651465798
0 0.38913043478260867 0.42671009771986973 0.04728260869565217 0.12214983713355049
0 0.34782608695652173 0.43037459283387625 0.04728260869565217 0.12214983713355049
0 0.30625 0.43973941368078173 0.04728260869565217 0.12214983713355049
