0 0.5748641304347826 0.6765065146579805 0.08016304347826086 0.07125407166123779
0 0.5581521739130435 0.26465798045602607 0.08478260869565217 0.06921824104234528
0 0.5637228260869566 0.38436482084690554 0.08125 0.07084690553745929
0 0.5697010869565218 0.5598534201954397 0.08070652173913044 0.07003257328990228
0 0.5730978260869565 0.6170602605863192 0.08043478260869565 0.0728827361563518
2 0.5764945652173913 0.7331026058631922 0.08233695652173913 0.06473941368078176
2 0.579483695652174 0.7915309446254072 0.08288043478260869 0.06840390879478828
0 0.5836956521739131 0.8477198697068404 0.08260869565217391 0.06433224755700326
2 0.581929347826087 0.9065553745928339 0.08451086956521739 0.06881107491856678
2 0.5667119565217391 0.5012214983713354 0.08396739130434783 0.06433224755700326
2 0.5641304347826087 0.44543973941368076 0.08586956521739131 0.07084690553745929
2 0.5612771739130434 0.32369706840390877 0.08233695652173913 0.06921824104234528
2 0.5559782608695653 0.19421824104234528 0.08532608695652173 0.09039087947882736
