0 0.4248641304347826 0.32308631921824105 0.08016304347826086 0.07125407166123779
0 0.44157608695652173 0.7349348534201955 0.08478260869565217 0.06921824104234528
0 0.43600543478260867 0.615228013029316 0.08125 0.07084690553745929
0 0.43002717391304346 0.43973941368078173 0.08070652173913044 0.07003257328990228
0 0.4266304347826087 0.38253257328990226 0.08043478260869565 0.0728827361563518
2 0.4232336956521739 0.2664902280130293 0.08233695652173913 0.06473941368078176
2 0.4202445652173913 0.20806188925081434 0.08288043478260869 0.06840390879478828
0 0.4160326086956522 0.15187296416938112 0.08260869565217391 0.06433224755700326
2 0.41779891304347827 0.09303745928338762 0.08451086956521739 0.06881107491856678
2 0.43301630434782606 0.498371335504886 0.08396739130434783 0.06433224755700326
2 0.4355978260869565 0.5541530944625407 0.08586956521739131 0.07084690553745929
2 0.43845108695652174 0.6758957654723127 0.08233695652173913 0.06921824104234528
2 0.44375 0.8053745928338762 0.08532608695652173 0.09039087947882736
