0 0.290625 0.2119299674267101 0.09103260869565218 0.15594462540716614
0 0.47119565217391307 0.3745928338762215 0.09510869565217392 0.15798045602605862
2 0.5027173913043478 0.4026872964169381 0.10163043478260869 0.16612377850162866
0 0.4418478260869565 0.34609120521172637 0.09510869565217392 0.15798045602605862
0 0.4108695652173913 0.31677524429967424 0.09510869565217392 0.15798045602605862
0 0.38315217391304346 0.2915309446254072 0.09510869565217392 0.15798045602605862
0 0.3527173913043478 0.26302931596091206 0.09510869565217392 0.15798045602605862
0 0.3222826086956522 0.23697068403908794 0.09510869565217392 0.15798045602605862
0 0.266304347826087 0.18811074918566775 0.09510869565217392 0.15798045602605862
0 0.2326086956521739 0.16612377850162866 0.09510869565217392 0.15798045602605862
0 0.20380434782608695 0.14332247557003258 0.09510869565217392 0.15798045602605862
0 0.1733695652173913 0.11970684039087948 0.09510869565217392 0.15798045602605862
0 0.14076086956521738 0.10097719869706841 0.09510869565217392 0.15798045602605862
