1 0.4388586956521739 0.3589169381107492 0.0391304347826087 0.13721498371335505
0 0.7932065217391304 0.8495521172638436 0.0782608695652174 0.08346905537459283
0 0.8354619565217392 0.9631514657980456 0.08233695652173913 0.0728827361563518
0 0.8145380434782609 0.9032980456026058 0.08233695652173913 0.0728827361563518
0 0.7728260869565218 0.7882736156351792 0.0766304347826087 0.09201954397394137
0 0.751358695652174 0.7288273615635179 0.0766304347826087 0.09201954397394137
0 0.7298913043478261 0.6677524429967426 0.0766304347826087 0.09201954397394137
0 0.7084239130434783 0.6054560260586319 0.0766304347826087 0.09201954397394137
0 0.6869565217391305 0.5464169381107492 0.0766304347826087 0.09201954397394137
0 0.6657608695652174 0.48574918566775244 0.0766304347826087 0.09201954397394137
0 0.6423913043478261 0.42915309446254074 0.0766304347826087 0.09201954397394137
0 0.5658967391304348 0.32552931596091206 0.05516304347826087 0.125
0 0.5384510869565218 0.3308224755700326 0.05516304347826087 0.125
0 0.5110054347826087 0.3381514657980456 0.05516304347826087 0.125
0 0.48410326086956523 0.34344462540716614 0.05516304347826087 0.125
0 0.4563858695652174 0.3519951140065147 0.05516304347826087 0.125
0 0.40230978260869565 0.37072475570032576 0.05516304347826087 0.125
0 0.37540760869565215 0.37927524429967424 0.05516304347826087 0.125
0 0.3449728260869565 0.3898615635179153 0.06114130434782609 0.12825732899022801
0 0.31698369565217394 0.40248371335504884 0.06114130434782609 0.12825732899022801
0 0.2873641304347826 0.4114413680781759 0.06114130434782609 0.12825732899022801
