0 0.4008152173913043 0.6101384364820847 0.04456521739130435 0.12092833876221498
0 0.3160326086956522 0.6213355048859935 0.042934782608695654 0.12214983713355049
0 0.2279891304347826 0.6386400651465798 0.04565217391304348 0.125814332247557
0 0.18016304347826087 0.6441368078175895 0.05271739130434783 0.12296416938110749
2 0.27269021739130433 0.6296824104234527 0.04646739130434783 0.125814332247557
0 0.35788043478260867 0.61685667752443 0.04728260869565217 0.12214983713355049
0 0.44279891304347824 0.6044381107491856 0.04592391304347826 0.12092833876221498
0 0.48464673913043477 0.5950732899022801 0.0453804347826087 0.12011400651465798
0 0.5283967391304348 0.5869299674267101 0.0453804347826087 0.12011400651465798
0 0.5688858695652174 0.5808224755700325 0.0453804347826087 0.12011400651465798
0 0.6105978260869566 0.5728827361563518 0.04728260869565217 0.12214983713355049
0 0.6519021739130435 0.5692182410423453 0.04728260869565217 0.12214983713355049
0 0.6934782608695652 0.5598534201954397 0.04728260869565217 0.12214983713355049
