1 0.4388586956521739 0.6406758957654723 0.0391304347826087 0.13721498371335505
0 0.7932065217391304 0.15004071661237786 0.0782608695652174 0.08346905537459283
0 0.8354619565217392 0.0364413680781759 0.08233695652173913 0.0728827361563518
0 0.8145380434782609 0.09629478827361564 0.08233695652173913 0.0728827361563518
0 0.7728260869565218 0.21131921824104236 0.0766304347826087 0.09201954397394137
0 0.751358695652174 0.2707654723127036 0.0766304347826087 0.09201954397394137
0 0.7298913043478261 0.3318403908794788 0.0766304347826087 0.09201954397394137
0 0.7084239130434783 0.3941368078175896 0.0766304347826087 0.09201954397394137
0 0.6869565217391305 0.4531758957654723 0.0766304347826087 0.09201954397394137
0 0.6657608695652174 0.5138436482084691 0.0766304347826087 0.09201954397394137
0 0.6423913043478261 0.5704397394136808 0.0766304347826087 0.09201954397394137
0 0.5658967391304348 0.6740635179153095 0.05516304347826087 0.125
0 0.5384510869565218 0.6687703583061889 0.05516304347826087 0.125
0 0.5110054347826087 0.6614413680781759 0.05516304347826087 0.125
0 0.48410326086956523 0.6561482084690554 0.05516304347826087 0.125
0 0.4563858695652174 0.6475977198697068 0.05516304347826087 0.125
0 0.40230978260869565 0.6288680781758957 0.05516304347826087 0.125
0 0.37540760869565215 0.6203175895765473 0.05516304347826087 0.125
0 0.3449728260869565 0.6097312703583062 0.06114130434782609 0.12825732899022801
0 0.31698369565217394 0.5971091205211726 0.06114130434782609 0.12825732899022801
0 0.2873641304347826 0.5881514657980456 0.06114130434782609 0.12825732899022801
