0 0.7091032608695652 0.2119299674267101 0.09103260869565218 0.15594462540716614
0 0.5285326086956522 0.3745928338762215 0.09510869565217392 0.15798045602605862
2 0.4970108695652174 0.4026872964169381 0.10163043478260869 0.16612377850162866
0 0.5578804347826087 0.34609120521172637 0.09510869565217392 0.15798045602605862
0 0.5888586956521739 0.31677524429967424 0.09510869565217392 0.15798045602605862
0 0.6165760869565218 0.2915309446254072 0.09510869565217392 0.15798045602605862
0 0.6470108695652174 0.26302931596091206 0.09510869565217392 0.15798045602605862
0 0.6774456521739131 0.23697068403908794 0.09510869565217392 0.15798045602605862
0 0.7334239130434783 0.18811074918566775 0.09510869565217392 0.15798045602605862
0 0.7671195652173913 0.16612377850162866 0.09510869565217392 0.15798045602605862
0 0.7959239130434783 0.14332247557003258 0.09510869565217392 0.15798045602605862
0 0.8263586956521739 0.11970684039087948 0.09510869565217392 0.15798045602605862
0 0.8589673913043478 0.10097719869706841 0.09510869565217392 0.15798045602605862
