0 0.3970108695652174 0.31921824104234525 0.08695652173913043 0.16530944625407165
2 0.6657608695652174 0.5111970684039088 0.10108695652173913 0.16815960912052116
0 0.5866847826086956 0.4527687296416938 0.08695652173913043 0.16530944625407165
0 0.5497282608695652 0.4230456026058632 0.08695652173913043 0.16530944625407165
0 0.5100543478260869 0.3953583061889251 0.08695652173913043 0.16530944625407165
0 0.47255434782608696 0.371742671009772 0.08695652173913043 0.16530944625407165
0 0.4361413043478261 0.34201954397394135 0.08695652173913043 0.16530944625407165
0 0.3595108695652174 0.2956026058631922 0.08695652173913043 0.16530944625407165
0 0.3203804347826087 0.2687296416938111 0.08695652173913043 0.16530944625407165
0 0.2823369565217391 0.2528501628664495 0.08695652173913043 0.16530944625407165
0 0.2453804347826087 0.2292345276872964 0.08695652173913043 0.16530944625407165
2 0.19755434782608697 0.21009771986970685 0.07934782608695652 0.16775244299674266
0 0.050407608695652174 0.379071661237785 0.10027173913043479 0.11726384364820847
0 0.07921195652173912 0.30700325732899025 0.10027173913043479 0.11726384364820847
0 0.03328804347826087 0.46783387622149836 0.06657608695652174 0.11074918566775244
