1 0.5608695652173913 0.3589169381107492 0.0391304347826087 0.13721498371335505
0 0.20652173913043478 0.8495521172638436 0.0782608695652174 0.08346905537459283
0 0.16426630434782608 0.9631514657980456 0.08233695652173913 0.0728827361563518
0 0.18519021739130434 0.9032980456026058 0.08233695652173913 0.0728827361563518
0 0.2269021739130435 0.7882736156351792 0.0766304347826087 0.09201954397394137
0 0.2483695652173913 0.7288273615635179 0.0766304347826087 0.09201954397394137
0 0.2698369565217391 0.6677524429967426 0.0766304347826087 0.09201954397394137
0 0.29130434782608694 0.6054560260586319 0.0766304347826087 0.09201954397394137
0 0.31277173913043477 0.5464169381107492 0.0766304347826087 0.09201954397394137
0 0.3339673913043478 0.48574918566775244 0.0766304347826087 0.09201954397394137
0 0.35733695652173914 0.42915309446254074 0.0766304347826087 0.09201954397394137
0 0.4338315217391304 0.32552931596091206 0.05516304347826087 0.125
0 0.46127717391304346 0.3308224755700326 0.05516304347826087 0.125
0 0.4887228260869565 0.3381514657980456 0.05516304347826087 0.125
0 0.515625 0.34344462540716614 0.05516304347826087 0.125
0 0.5433423913043478 0.3519951140065147 0.05516304347826087 0.125
0 0.5974184782608696 0.37072475570032576 0.05516304347826087 0.125
0 0.6243206521739131 0.37927524429967424 0.05516304347826087 0.125
0 0.6547554347826087 0.3898615635179153 0.06114130434782609 0.12825732899022801
0 0.6827445652173914 0.40248371335504884 0.06114130434782609 0.12825732899022801
0 0.7123641304347826 0.4114413680781759 0.06114130434782609 0.12825732899022801
