0 0.3970108695652174 0.6803745928338762 0.08695652173913043 0.16530944625407165
2 0.6657608695652174 0.4883957654723127 0.10108695652173913 0.16815960912052116
0 0.5866847826086956 0.5468241042345277 0.08695652173913043 0.16530944625407165
0 0.5497282608695652 0.5765472312703583 0.08695652173913043 0.16530944625407165
0 0.5100543478260869 0.6042345276872965 0.08695652173913043 0.16530944625407165
0 0.47255434782608696 0.6278501628664495 0.08695652173913043 0.16530944625407165
0 0.4361413043478261 0.6575732899022801 0.08695652173913043 0.16530944625407165
0 0.3595108695652174 0.7039902280130294 0.08695652173913043 0.16530944625407165
0 0.3203804347826087 0.7308631921824105 0.08695652173913043 0.16530944625407165
0 0.2823369565217391 0.746742671009772 0.08695652173913043 0.16530944625407165
0 0.2453804347826087 0.7703583061889251 0.08695652173913043 0.16530944625407165
2 0.19755434782608697 0.7894951140065146 0.07934782608695652 0.16775244299674266
0 0.050407608695652174 0.6205211726384365 0.10027173913043479 0.11726384364820847
0 0.07921195652173912 0.6925895765472313 0.10027173913043479 0.11726384364820847
0 0.03328804347826087 0.5317589576547231 0.06657608695652174 0.11074918566775244
