0 0.4326086956521739 0.369299674267101 0.09130434782608696 0.16693811074918566
2 0.6096467391304348 0.5350162866449512 0.10027173913043479 0.16123778501628663
0 0.058559782608695654 0.23941368078175895 0.09048913043478261 0.1237785016286645
0 0.03369565217391304 0.31942182410423453 0.06739130434782609 0.11929967426710097
0 0.3983695652173913 0.34120521172638435 0.09130434782608696 0.16693811074918566
0 0.36317934782608696 0.3063925081433225 0.0921195652173913 0.16001628664495113
0 0.32567934782608693 0.27870521172638435 0.08614130434782609 0.16001628664495113
0 0.29307065217391304 0.25183224755700323 0.08614130434782609 0.16001628664495113
0 0.2563858695652174 0.22414495114006514 0.08614130434782609 0.16001628664495113
0 0.22078804347826086 0.19605048859934854 0.08614130434782609 0.16001628664495113
0 0.18763586956521738 0.17080618892508143 0.08614130434782609 0.16001628664495113
0 0.4671195652173913 0.4022801302931596 0.09130434782608696 0.16693811074918566
0 0.5 0.43281758957654726 0.09130434782608696 0.16693811074918566
