0 0.44755434782608694 0.6133957654723127 0.09456521739130434 0.08102605863192182
1 0.4544836956521739 0.48493485342019543 0.08885869565217391 0.07899022801302931
0 0.44266304347826085 0.9596905537459284 0.09456521739130434 0.07980456026058631
0 0.4440217391304348 0.8945439739413681 0.09456521739130434 0.07980456026058631
0 0.4434782608695652 0.8249185667752443 0.09456521739130434 0.07980456026058631
0 0.4464673913043478 0.7536644951140065 0.09456521739130434 0.07980456026058631
0 0.4489130434782609 0.6909609120521173 0.09456521739130434 0.07980456026058631
0 0.4489130434782609 0.5529315960912052 0.09456521739130434 0.07980456026058631
0 0.4513586956521739 0.3554560260586319 0.09456521739130434 0.07980456026058631
0 0.453804347826087 0.28705211726384366 0.09456521739130434 0.07980456026058631
0 0.45625 0.22109120521172637 0.09456521739130434 0.07980456026058631
0 0.45570652173913045 0.15594462540716614 0.09456521739130434 0.07980456026058631
