0 0.45842391304347824 0.3918973941368078 0.10652173913043478 0.11197068403908794
1 0.5028532608695652 0.558428338762215 0.10081521739130435 0.10545602605863193
0 0.434375 0.30781758957654726 0.10461956521739131 0.10504885993485343
0 0.4099184782608696 0.2251628664495114 0.10461956521739131 0.10504885993485343
0 0.38845108695652175 0.13640065146579805 0.10461956521739131 0.10504885993485343
0 0.3639945652173913 0.05252442996742671 0.10461956521739131 0.10504885993485343
0 0.5209239130434783 0.6427117263843648 0.10489130434782609 0.0997557003257329
0 0.543070652173913 0.7265879478827362 0.10461956521739131 0.11197068403908794
0 0.5631793478260869 0.8104641693811075 0.10461956521739131 0.11197068403908794
0 0.5851902173913044 0.8971905537459284 0.10461956521739131 0.11197068403908794
0 0.6086956521739131 0.9719055374592834 0.10380434782608695 0.05537459283387622
