0 0.5521739130434783 0.38619706840390877 0.09456521739130434 0.08102605863192182
1 0.5452445652173913 0.5146579804560261 0.08885869565217391 0.07899022801302931
0 0.5570652173913043 0.039902280130293157 0.09456521739130434 0.07980456026058631
0 0.5557065217391305 0.10504885993485343 0.09456521739130434 0.07980456026058631
0 0.55625 0.1746742671009772 0.09456521739130434 0.07980456026058631
0 0.5532608695652174 0.24592833876221498 0.09456521739130434 0.07980456026058631
0 0.5508152173913043 0.30863192182410426 0.09456521739130434 0.07980456026058631
0 0.5508152173913043 0.44666123778501626 0.09456521739130434 0.07980456026058631
0 0.5483695652173913 0.6441368078175895 0.09456521739130434 0.07980456026058631
0 0.5459239130434783 0.7125407166123778 0.09456521739130434 0.07980456026058631
0 0.5434782608695652 0.7785016286644951 0.09456521739130434 0.07980456026058631
0 0.5440217391304348 0.8436482084690554 0.09456521739130434 0.07980456026058631
