0 0.4326086956521739 0.6302931596091205 0.09130434782608696 0.16693811074918566
2 0.6096467391304348 0.46457654723127034 0.10027173913043479 0.16123778501628663
0 0.058559782608695654 0.7601791530944625 0.09048913043478261 0.1237785016286645
0 0.03369565217391304 0.680171009771987 0.06739130434782609 0.11929967426710097
0 0.3983695652173913 0.6583876221498371 0.09130434782608696 0.16693811074918566
0 0.36317934782608696 0.693200325732899 0.0921195652173913 0.16001628664495113
0 0.32567934782608693 0.7208876221498371 0.08614130434782609 0.16001628664495113
0 0.29307065217391304 0.7477605863192183 0.08614130434782609 0.16001628664495113
0 0.2563858695652174 0.7754478827361564 0.08614130434782609 0.16001628664495113
0 0.22078804347826086 0.803542345276873 0.08614130434782609 0.16001628664495113
0 0.18763586956521738 0.8287866449511401 0.08614130434782609 0.16001628664495113
0 0.4671195652173913 0.5973127035830619 0.09130434782608696 0.16693811074918566
0 0.5 0.5667752442996743 0.09130434782608696 0.16693811074918566
