0 0.5671195652173913 0.369299674267101 0.09130434782608696 0.16693811074918566
2 0.3900815217391304 0.5350162866449512 0.10027173913043479 0.16123778501628663
0 0.9411684782608696 0.23941368078175895 0.09048913043478261 0.1237785016286645
0 0.9660326086956522 0.31942182410423453 0.06739130434782609 0.11929967426710097
0 0.6013586956521739 0.34120521172638435 0.09130434782608696 0.16693811074918566
0 0.6365489130434783 0.3063925081433225 0.0921195652173913 0.16001628664495113
0 0.6740489130434782 0.27870521172638435 0.08614130434782609 0.16001628664495113
0 0.7066576086956522 0.25183224755700323 0.08614130434782609 0.16001628664495113
0 0.7433423913043479 0.22414495114006514 0.08614130434782609 0.16001628664495113
0 0.7789402173913044 0.19605048859934854 0.08614130434782609 0.16001628664495113
0 0.8120923913043478 0.17080618892508143 0.08614130434782609 0.16001628664495113
0 0.532608695652174 0.4022801302931596 0.09130434782608696 0.16693811074918566
0 0.49972826086956523 0.43281758957654726 0.09130434782608696 0.16693811074918566
