0 0.5671195652173913 0.6302931596091205 0.09130434782608696 0.16693811074918566
2 0.3900815217391304 0.46457654723127034 0.10027173913043479 0.16123778501628663
0 0.9411684782608696 0.7601791530944625 0.09048913043478261 0.1237785016286645
0 0.9660326086956522 0.680171009771987 0.06739130434782609 0.11929967426710097
0 0.6013586956521739 0.6583876221498371 0.09130434782608696 0.16693811074918566
0 0.6365489130434783 0.693200325732899 0.0921195652173913 0.16001628664495113
0 0.6740489130434782 0.7208876221498371 0.08614130434782609 0.16001628664495113
0 0.7066576086956522 0.7477605863192183 0.08614130434782609 0.16001628664495113
0 0.7433423913043479 0.7754478827361564 0.08614130434782609 0.16001628664495113
0 0.7789402173913044 0.803542345276873 0.08614130434782609 0.16001628664495113
0 0.8120923913043478 0.8287866449511401 0.08614130434782609 0.16001628664495113
0 0.532608695652174 0.5973127035830619 0.09130434782608696 0.16693811074918566
0 0.49972826086956523 0.5667752442996743 0.09130434782608696 0.16693811074918566
