0 0.5413043478260869 0.3918973941368078 0.10652173913043478 0.11197068403908794
1 0.496875 0.558428338762215 0.10081521739130435 0.10545602605863193
0 0.5653532608695652 0.30781758957654726 0.10461956521739131 0.10504885993485343
0 0.5898097826086957 0.2251628664495114 0.10461956521739131 0.10504885993485343
0 0.6112771739130435 0.13640065146579805 0.10461956521739131 0.10504885993485343
0 0.6357336956521739 0.05252442996742671 0.10461956521739131 0.10504885993485343
0 0.47880434782608694 0.6427117263843648 0.10489130434782609 0.0997557003257329
0 0.4566576086956522 0.7265879478827362 0.10461956521739131 0.11197068403908794
0 0.43654891304347826 0.8104641693811075 0.10461956521739131 0.11197068403908794
0 0.41453804347826084 0.8971905537459284 0.10461956521739131 0.11197068403908794
0 0.39103260869565215 0.9719055374592834 0.10380434782608695 0.05537459283387622
