0 0.6027173913043479 0.31921824104234525 0.08695652173913043 0.16530944625407165
2 0.3339673913043478 0.5111970684039088 0.10108695652173913 0.16815960912052116
0 0.41304347826086957 0.4527687296416938 0.08695652173913043 0.16530944625407165
0 0.45 0.4230456026058632 0.08695652173913043 0.16530944625407165
0 0.48967391304347824 0.3953583061889251 0.08695652173913043 0.16530944625407165
0 0.5271739130434783 0.371742671009772 0.08695652173913043 0.16530944625407165
0 0.5635869565217392 0.34201954397394135 0.08695652173913043 0.16530944625407165
0 0.6402173913043478 0.2956026058631922 0.08695652173913043 0.16530944625407165
0 0.6793478260869565 0.2687296416938111 0.08695652173913043 0.16530944625407165
0 0.717391304347826 0.2528501628664495 0.08695652173913043 0.16530944625407165
0 0.7543478260869565 0.2292345276872964 0.08695652173913043 0.16530944625407165
2 0.8021739130434783 0.21009771986970685 0.07934782608695652 0.16775244299674266
0 0.949320652173913 0.379071661237785 0.10027173913043479 0.11726384364820847
0 0.920516304347826 0.30700325732899025 0.10027173913043479 0.11726384364820847
0 0.9664402173913044 0.46783387622149836 0.06657608695652174 0.11074918566775244
