0 0.5413043478260869 0.6076954397394136 0.10652173913043478 0.11197068403908794
1 0.496875 0.4411644951140065 0.10081521739130435 0.10545602605863193
0 0.5653532608695652 0.6917752442996743 0.10461956521739131 0.10504885993485343
0 0.5898097826086957 0.7744299674267101 0.10461956521739131 0.10504885993485343
0 0.6112771739130435 0.8631921824104235 0.10461956521739131 0.10504885993485343
0 0.6357336956521739 0.9474755700325733 0.10461956521739131 0.10504885993485343
0 0.47880434782608694 0.3568811074918567 0.10489130434782609 0.0997557003257329
0 0.4566576086956522 0.2730048859934853 0.10461956521739131 0.11197068403908794
0 0.43654891304347826 0.189128664495114 0.10461956521739131 0.11197068403908794
0 0.41453804347826084 0.10240228013029316 0.10461956521739131 0.11197068403908794
0 0.39103260869565215 0.02768729641693811 0.10380434782608695 0.05537459283387622
