0 0.45842391304347824 0.6076954397394136 0.10652173913043478 0.11197068403908794
1 0.5028532608695652 0.4411644951140065 0.10081521739130435 0.10545602605863193
0 0.434375 0.6917752442996743 0.10461956521739131 0.10504885993485343
0 0.4099184782608696 0.7744299674267101 0.10461956521739131 0.10504885993485343
0 0.38845108695652175 0.8631921824104235 0.10461956521739131 0.10504885993485343
0 0.3639945652173913 0.9474755700325733 0.10461956521739131 0.10504885993485343
0 0.5209239130434783 0.3568811074918567 0.10489130434782609 0.0997557003257329
0 0.543070652173913 0.2730048859934853 0.10461956521739131 0.11197068403908794
0 0.5631793478260869 0.189128664495114 0.10461956521739131 0.11197068403908794
0 0.5851902173913044 0.10240228013029316 0.10461956521739131 0.11197068403908794
0 0.6086956521739131 0.02768729641693811 0.10380434782608695 0.05537459283387622
