1 0.5608695652173913 0.6406758957654723 0.0391304347826087 0.13721498371335505
0 0.20652173913043478 0.15004071661237786 0.0782608695652174 0.08346905537459283
0 0.16426630434782608 0.0364413680781759 0.08233695652173913 0.0728827361563518
0 0.18519021739130434 0.09629478827361564 0.08233695652173913 0.0728827361563518
0 0.2269021739130435 0.21131921824104236 0.0766304347826087 0.09201954397394137
0 0.2483695652173913 0.2707654723127036 0.0766304347826087 0.09201954397394137
0 0.2698369565217391 0.3318403908794788 0.0766304347826087 0.09201954397394137
0 0.29130434782608694 0.3941368078175896 0.0766304347826087 0.09201954397394137
0 0.31277173913043477 0.4531758957654723 0.0766304347826087 0.09201954397394137
0 0.3339673913043478 0.5138436482084691 0.0766304347826087 0.09201954397394137
0 0.35733695652173914 0.5704397394136808 0.0766304347826087 0.09201954397394137
0 0.4338315217391304 0.6740635179153095 0.05516304347826087 0.125
0 0.46127717391304346 0.6687703583061889 0.05516304347826087 0.125
0 0.4887228260869565 0.6614413680781759 0.05516304347826087 0.125
0 0.515625 0.6561482084690554 0.05516304347826087 0.125
0 0.5433423913043478 0.6475977198697068 0.05516304347826087 0.125
0 0.5974184782608696 0.6288680781758957 0.05516304347826087 0.125
0 0.6243206521739131 0.6203175895765473 0.05516304347826087 0.125
0 0.6547554347826087 0.6097312703583062 0.06114130434782609 0.12825732899022801
0 0.6827445652173914 0.5971091205211726 0.06114130434782609 0.12825732899022801
0 0.7123641304347826 0.5881514657980456 0.06114130434782609 0.12825732899022801
