0 0.46046195652173916 0.28257328990228014 0.07581521739130435 0.08387622149837133
1 0.5206521739130435 0.46742671009771986 0.0766304347826087 0.08387622149837133
0 0.3804347826086957 0.03868078175895766 0.0782608695652174 0.07736156351791532
0 0.4014945652173913 0.09486970684039088 0.07581521739130435 0.08387622149837133
0 0.41779891304347827 0.15757328990228012 0.07581521739130435 0.08387622149837133
0 0.43980978260869563 0.21946254071661236 0.07581521739130435 0.08387622149837133
0 0.4811141304347826 0.3509771986970684 0.07581521739130435 0.08387622149837133
0 0.5014945652173913 0.41042345276872966 0.07581521739130435 0.08387622149837133
0 0.5427989130434783 0.5358306188925082 0.07581521739130435 0.08387622149837133
0 0.5626358695652174 0.6001628664495114 0.07581521739130435 0.08387622149837133
0 0.5835597826086957 0.6661237785016286 0.07581521739130435 0.08387622149837133
0 0.6050271739130435 0.7227198697068404 0.07581521739130435 0.08387622149837133
0 0.6270380434782609 0.7862377850162866 0.07581521739130435 0.08387622149837133
0 0.646875 0.8481270358306189 0.07581521739130435 0.08387622149837133
0 0.6677989130434783 0.9100162866449512 0.07581521739130435 0.08387622149837133
0 0.6922554347826086 0.9635586319218241 0.07309782608695652 0.0728827361563518
