0 0.7073369565217391 0.502442996742671 0.058695652173913045 0.15960912052117263
0 0.6119565217391304 0.49206026058631924 0.06086956521739131 0.15268729641693812
1 0.47133152173913045 0.47068403908794787 0.03179347826086956 0.12947882736156352
1 0.5168478260869566 0.48982084690553745 0.0483695652173913 0.14006514657980457
0 0.6595108695652174 0.49613192182410426 0.06086956521739131 0.15268729641693812
0 0.7551630434782609 0.5087540716612378 0.06086956521739131 0.15268729641693812
0 0.803804347826087 0.5136400651465798 0.06086956521739131 0.15268729641693812
0 0.8540760869565217 0.5209690553745928 0.06086956521739131 0.15268729641693812
0 0.903804347826087 0.5266693811074918 0.06086956521739131 0.15268729641693812
0 0.9551630434782609 0.5307410423452769 0.06086956521739131 0.15268729641693812
0 0.5692934782608695 0.4847312703583062 0.06086956521739131 0.15268729641693812
0 0.42934782608695654 0.4582654723127036 0.06086956521739131 0.15268729641693812
0 0.3845108695652174 0.44890065146579805 0.06086956521739131 0.15268729641693812
0 0.3375 0.4411644951140065 0.06086956521739131 0.15268729641693812
0 0.43845108695652174 0.34873778501628666 0.06331521739130434 0.12011400651465798
0 0.4813858695652174 0.3552524429967427 0.06331521739130434 0.12011400651465798
0 0.5308423913043478 0.36848534201954397 0.06277173913043478 0.13436482084690554
0 0.5786684782608695 0.37153908794788276 0.06222826086956522 0.11604234527687296
0 0.6216032608695652 0.37642508143322473 0.06222826086956522 0.11604234527687296
0 0.668070652173913 0.38131107491856675 0.06222826086956522 0.11604234527687296
0 0.6707880434782608 0.38538273615635177 0.06222826086956522 0.11604234527687296
0 0.7623641304347826 0.3935260586319218 0.06222826086956522 0.11604234527687296
0 0.8099184782608696 0.40166938110749184 0.06222826086956522 0.11604234527687296
0 0.856929347826087 0.40574104234527686 0.06222826086956522 0.11604234527687296
0 0.9025815217391304 0.40818403908794787 0.06222826086956522 0.11604234527687296
0 0.9563858695652174 0.4130700325732899 0.06222826086956522 0.11604234527687296
0 0.21331521739130435 0.22577361563517914 0.08967391304347826 0.11522801302931596
0 0.18315217391304348 0.1642915309446254 0.08967391304347826 0.11522801302931596
0 0.14891304347826087 0.0885586319218241 0.08967391304347826 0.11522801302931596
0 0.11385869565217391 0.035627035830618894 0.08315217391304348 0.07125407166123779
