0 0.5392663043478261 0.28257328990228014 0.07581521739130435 0.08387622149837133
1 0.47907608695652176 0.46742671009771986 0.0766304347826087 0.08387622149837133
0 0.6192934782608696 0.03868078175895766 0.0782608695652174 0.07736156351791532
0 0.5982336956521739 0.09486970684039088 0.07581521739130435 0.08387622149837133
0 0.581929347826087 0.15757328990228012 0.07581521739130435 0.08387622149837133
0 0.5599184782608696 0.21946254071661236 0.07581521739130435 0.08387622149837133
0 0.5186141304347827 0.3509771986970684 0.07581521739130435 0.08387622149837133
0 0.4982336956521739 0.41042345276872966 0.07581521739130435 0.08387622149837133
0 0.45692934782608696 0.5358306188925082 0.07581521739130435 0.08387622149837133
0 0.43709239130434785 0.6001628664495114 0.07581521739130435 0.08387622149837133
0 0.41616847826086956 0.6661237785016286 0.07581521739130435 0.08387622149837133
0 0.39470108695652173 0.7227198697068404 0.07581521739130435 0.08387622149837133
0 0.37269021739130437 0.7862377850162866 0.07581521739130435 0.08387622149837133
0 0.3528532608695652 0.8481270358306189 0.07581521739130435 0.08387622149837133
0 0.33192934782608696 0.9100162866449512 0.07581521739130435 0.08387622149837133
0 0.30747282608695653 0.9635586319218241 0.07309782608695652 0.0728827361563518
