0 0.46046195652173916 0.7170195439739414 0.07581521739130435 0.08387622149837133
1 0.5206521739130435 0.5321661237785016 0.0766304347826087 0.08387622149837133
0 0.3804347826086957 0.9609120521172638 0.0782608695652174 0.07736156351791532
0 0.4014945652173913 0.9047231270358306 0.07581521739130435 0.08387622149837133
0 0.41779891304347827 0.8420195439739414 0.07581521739130435 0.08387622149837133
0 0.43980978260869563 0.7801302931596091 0.07581521739130435 0.08387622149837133
0 0.4811141304347826 0.6486156351791531 0.07581521739130435 0.08387622149837133
0 0.5014945652173913 0.5891693811074918 0.07581521739130435 0.08387622149837133
0 0.5427989130434783 0.46376221498371334 0.07581521739130435 0.08387622149837133
0 0.5626358695652174 0.3994299674267101 0.07581521739130435 0.08387622149837133
0 0.5835597826086957 0.3334690553745928 0.07581521739130435 0.08387622149837133
0 0.6050271739130435 0.2768729641693811 0.07581521739130435 0.08387622149837133
0 0.6270380434782609 0.21335504885993486 0.07581521739130435 0.08387622149837133
0 0.646875 0.15146579804560262 0.07581521739130435 0.08387622149837133
0 0.6677989130434783 0.08957654723127036 0.07581521739130435 0.08387622149837133
0 0.6922554347826086 0.0364413680781759 0.07309782608695652 0.0728827361563518
