0 0.5392663043478261 0.7170195439739414 0.07581521739130435 0.08387622149837133
1 0.47907608695652176 0.5321661237785016 0.0766304347826087 0.08387622149837133
0 0.6192934782608696 0.9609120521172638 0.0782608695652174 0.07736156351791532
0 0.5982336956521739 0.9047231270358306 0.07581521739130435 0.08387622149837133
0 0.581929347826087 0.8420195439739414 0.07581521739130435 0.08387622149837133
0 0.5599184782608696 0.7801302931596091 0.07581521739130435 0.08387622149837133
0 0.5186141304347827 0.6486156351791531 0.07581521739130435 0.08387622149837133
0 0.4982336956521739 0.5891693811074918 0.07581521739130435 0.08387622149837133
0 0.45692934782608696 0.46376221498371334 0.07581521739130435 0.08387622149837133
0 0.43709239130434785 0.3994299674267101 0.07581521739130435 0.08387622149837133
0 0.41616847826086956 0.3334690553745928 0.07581521739130435 0.08387622149837133
0 0.39470108695652173 0.2768729641693811 0.07581521739130435 0.08387622149837133
0 0.37269021739130437 0.21335504885993486 0.07581521739130435 0.08387622149837133
0 0.3528532608695652 0.15146579804560262 0.07581521739130435 0.08387622149837133
0 0.33192934782608696 0.08957654723127036 0.07581521739130435 0.08387622149837133
0 0.30747282608695653 0.0364413680781759 0.07309782608695652 0.0728827361563518
