0 0.7073369565217391 0.4971498371335505 0.058695652173913045 0.15960912052117263
0 0.6119565217391304 0.5075325732899023 0.06086956521739131 0.15268729641693812
1 0.47133152173913045 0.5289087947882736 0.03179347826086956 0.12947882736156352
1 0.5168478260869566 0.509771986970684 0.0483695652173913 0.14006514657980457
0 0.6595108695652174 0.5034609120521173 0.06086956521739131 0.15268729641693812
0 0.7551630434782609 0.49083876221498374 0.06086956521739131 0.15268729641693812
0 0.803804347826087 0.4859527687296417 0.06086956521739131 0.15268729641693812
0 0.8540760869565217 0.4786237785016287 0.06086956521739131 0.15268729641693812
0 0.903804347826087 0.47292345276872966 0.06086956521739131 0.15268729641693812
0 0.9551630434782609 0.46885179153094464 0.06086956521739131 0.15268729641693812
0 0.5692934782608695 0.5148615635179153 0.06086956521739131 0.15268729641693812
0 0.42934782608695654 0.5413273615635179 0.06086956521739131 0.15268729641693812
0 0.3845108695652174 0.5506921824104235 0.06086956521739131 0.15268729641693812
0 0.3375 0.558428338762215 0.06086956521739131 0.15268729641693812
0 0.43845108695652174 0.6508550488599348 0.06331521739130434 0.12011400651465798
0 0.4813858695652174 0.6443403908794788 0.06331521739130434 0.12011400651465798
0 0.5308423913043478 0.6311074918566775 0.06277173913043478 0.13436482084690554
0 0.5786684782608695 0.6280537459283387 0.06222826086956522 0.11604234527687296
0 0.6216032608695652 0.6231677524429967 0.06222826086956522 0.11604234527687296
0 0.668070652173913 0.6182817589576547 0.06222826086956522 0.11604234527687296
0 0.6707880434782608 0.6142100977198697 0.06222826086956522 0.11604234527687296
0 0.7623641304347826 0.6060667752442996 0.06222826086956522 0.11604234527687296
0 0.8099184782608696 0.5979234527687296 0.06222826086956522 0.11604234527687296
0 0.856929347826087 0.5938517915309446 0.06222826086956522 0.11604234527687296
0 0.9025815217391304 0.5914087947882736 0.06222826086956522 0.11604234527687296
0 0.9563858695652174 0.5865228013029316 0.06222826086956522 0.11604234527687296
0 0.21331521739130435 0.7738192182410424 0.08967391304347826 0.11522801302931596
0 0.18315217391304348 0.8353013029315961 0.08967391304347826 0.11522801302931596
0 0.14891304347826087 0.9110342019543974 0.08967391304347826 0.11522801302931596
0 0.11385869565217391 0.9639657980456026 0.08315217391304348 0.07125407166123779
