0 0.29239130434782606 0.502442996742671 0.058695652173913045 0.15960912052117263
0 0.3877717391304348 0.49206026058631924 0.06086956521739131 0.15268729641693812
1 0.5283967391304348 0.47068403908794787 0.03179347826086956 0.12947882736156352
1 0.48288043478260867 0.48982084690553745 0.0483695652173913 0.14006514657980457
0 0.3402173913043478 0.49613192182410426 0.06086956521739131 0.15268729641693812
0 0.24456521739130435 0.5087540716612378 0.06086956521739131 0.15268729641693812
0 0.19592391304347825 0.5136400651465798 0.06086956521739131 0.15268729641693812
0 0.14565217391304347 0.5209690553745928 0.06086956521739131 0.15268729641693812
0 0.09592391304347826 0.5266693811074918 0.06086956521739131 0.15268729641693812
0 0.04456521739130435 0.5307410423452769 0.06086956521739131 0.15268729641693812
0 0.43043478260869567 0.4847312703583062 0.06086956521739131 0.15268729641693812
0 0.5703804347826087 0.4582654723127036 0.06086956521739131 0.15268729641693812
0 0.6152173913043478 0.44890065146579805 0.06086956521739131 0.15268729641693812
0 0.6622282608695652 0.4411644951140065 0.06086956521739131 0.15268729641693812
0 0.5612771739130434 0.34873778501628666 0.06331521739130434 0.12011400651465798
0 0.5183423913043478 0.3552524429967427 0.06331521739130434 0.12011400651465798
0 0.4688858695652174 0.36848534201954397 0.06277173913043478 0.13436482084690554
0 0.42105978260869564 0.37153908794788276 0.06222826086956522 0.11604234527687296
0 0.378125 0.37642508143322473 0.06222826086956522 0.11604234527687296
0 0.3316576086956522 0.38131107491856675 0.06222826086956522 0.11604234527687296
0 0.32894021739130436 0.38538273615635177 0.06222826086956522 0.11604234527687296
0 0.2373641304347826 0.3935260586319218 0.06222826086956522 0.11604234527687296
0 0.18980978260869566 0.40166938110749184 0.06222826086956522 0.11604234527687296
0 0.14279891304347825 0.40574104234527686 0.06222826086956522 0.11604234527687296
0 0.09714673913043478 0.40818403908794787 0.06222826086956522 0.11604234527687296
0 0.043342391304347826 0.4130700325732899 0.06222826086956522 0.11604234527687296
0 0.7864130434782609 0.22577361563517914 0.08967391304347826 0.11522801302931596
0 0.8165760869565217 0.1642915309446254 0.08967391304347826 0.11522801302931596
0 0.8508152173913044 0.0885586319218241 0.08967391304347826 0.11522801302931596
0 0.8858695652173914 0.035627035830618894 0.08315217391304348 0.07125407166123779
