0 0.5197010869565217 0.4155130293159609 0.05298913043478261 0.048452768729641695
1 0.5077445652173913 0.5753257328990228 0.05625 0.04478827361563518
0 0.503804347826087 0.6569625407166124 0.05326086956521739 0.05171009771986971
0 0.5070652173913044 0.6154315960912052 0.05326086956521739 0.05171009771986971
0 0.5108695652173914 0.5297231270358306 0.05217391304347826 0.04723127035830619
0 0.5141304347826087 0.49348534201954397 0.05217391304347826 0.04723127035830619
0 0.5179347826086956 0.4535830618892508 0.05217391304347826 0.04723127035830619
0 0.5206521739130435 0.3737785016286645 0.05217391304347826 0.04723127035830619
0 0.5239130434782608 0.3330618892508143 0.05217391304347826 0.04723127035830619
0 0.5277173913043478 0.2943811074918567 0.05217391304347826 0.04723127035830619
0 0.5285326086956522 0.25651465798045603 0.05217391304347826 0.04723127035830619
0 0.5328804347826087 0.21579804560260588 0.05217391304347826 0.04723127035830619
