0 0.4068352059925094 0.6683768656716418 0.12640449438202248 0.04322139303482587
1 0.41198501872659177 0.7506218905472637 0.12734082397003746 0.04788557213930348
0 0.41292134831460675 0.7075559701492538 0.12640449438202248 0.04322139303482587
0 0.41619850187265917 0.7997512437810945 0.1254681647940075 0.05845771144278607
0 0.4066011235955056 0.6274875621890548 0.12687265917602997 0.04664179104477612
0 0.4056647940074906 0.587997512437811 0.12687265917602997 0.04664179104477612
0 0.40191947565543074 0.5457089552238806 0.12687265917602997 0.04664179104477612
0 0.40004681647940077 0.5049751243781094 0.12687265917602997 0.04664179104477612
0 0.39396067415730335 0.46548507462686567 0.12687265917602997 0.04664179104477612
0 0.39536516853932585 0.42506218905472637 0.12687265917602997 0.04664179104477612
0 0.3925561797752809 0.38588308457711445 0.12687265917602997 0.04664179104477612
0 0.3874063670411985 0.3454601990049751 0.12687265917602997 0.04664179104477612
0 0.386938202247191 0.3034825870646766 0.12687265917602997 0.04664179104477612
0 0.386938202247191 0.26616915422885573 0.12687265917602997 0.04664179104477612
0 0.37897940074906367 0.22823383084577115 0.12687265917602997 0.04664179104477612
0 0.37219101123595505 0.19169776119402984 0.12640449438202248 0.05068407960199005
0 0.2598314606741573 0.35323383084577115 0.07116104868913857 0.08208955223880597
0 0.19428838951310862 0.3523009950248756 0.07116104868913857 0.08208955223880597
0 0.13202247191011235 0.3513681592039801 0.07116104868913857 0.08208955223880597
0 0.075374531835206 0.3516791044776119 0.07116104868913857 0.08208955223880597
0 0.24367977528089887 0.41324626865671643 0.07350187265917603 0.04788557213930348
0 0.2993913857677903 0.4135572139303483 0.07350187265917603 0.04788557213930348
0 0.17907303370786518 0.41324626865671643 0.07350187265917603 0.04788557213930348
0 0.11821161048689138 0.41262437810945274 0.07350187265917603 0.04788557213930348
0 0.05500936329588015 0.41324626865671643 0.07350187265917603 0.04788557213930348
0 0.059691011235955056 0.410136815920398 0.07350187265917603 0.04788557213930348
