0 0.4520131086142322 0.3585199004975124 0.1802434456928839 0.05472636815920398
0 0.43352059925093633 0.7327425373134329 0.1750936329588015 0.06560945273631841
0 0.4482677902621723 0.46237562189054726 0.17088014981273408 0.06032338308457712
1 0.45739700374531833 0.14987562189054726 0.17322097378277154 0.05845771144278607
1 0.43726591760299627 0.6226679104477612 0.1760299625468165 0.0625
1 0.45646067415730335 0.30425995024875624 0.18820224719101122 0.05192786069651741
0 0.4286048689138577 0.8563432835820896 0.175561797752809 0.08333333333333333
0 0.4311797752808989 0.789179104477612 0.1704119850187266 0.05783582089552239
0 0.4344569288389513 0.6803482587064676 0.17696629213483145 0.054104477611940295
0 0.43913857677902624 0.5705845771144279 0.1760299625468165 0.06032338308457712
0 0.4447565543071161 0.5139925373134329 0.1760299625468165 0.06032338308457712
0 0.44897003745318353 0.41324626865671643 0.1760299625468165 0.06032338308457712
0 0.45692883895131087 0.2555970149253731 0.1760299625468165 0.06032338308457712
0 0.4648876404494382 0.05223880597014925 0.1760299625468165 0.06032338308457712
0 0.46254681647940077 0.10074626865671642 0.17134831460674158 0.054104477611940295
0 0.4580992509363296 0.20973258706467662 0.17743445692883894 0.05503731343283582
