0 0.5407338308457711 0.9473314606741573 0.08644278606965174 0.06601123595505617
1 0.5814676616915423 0.4267322097378277 0.07649253731343283 0.05664794007490637
0 0.5410447761194029 0.8855337078651685 0.08644278606965174 0.06601123595505617
0 0.5485074626865671 0.8288857677902621 0.08644278606965174 0.06601123595505617
0 0.5513059701492538 0.7698970037453183 0.08644278606965174 0.06601123595505617
0 0.5553482587064676 0.7137172284644194 0.08644278606965174 0.06601123595505617
0 0.5606343283582089 0.6519194756554307 0.08644278606965174 0.06601123595505617
0 0.5668532338308457 0.5971441947565543 0.08644278606965174 0.06601123595505617
0 0.5696517412935324 0.540496254681648 0.08644278606965174 0.06601123595505617
0 0.5736940298507462 0.4833801498127341 0.08644278606965174 0.06601123595505617
0 0.5864427860696517 0.3082865168539326 0.08644278606965174 0.06601123595505617
1 0.5824004975124378 0.37265917602996257 0.07898009950248756 0.0702247191011236
0 0.5911069651741293 0.2535112359550562 0.08644278606965174 0.06601123595505617
0 0.5951492537313433 0.19545880149812733 0.08644278606965174 0.06601123595505617
