0 0.4868913857677903 0.35929726368159204 0.15543071161048688 0.048196517412935326
0 0.4829119850187266 0.6759950248756219 0.1502808988764045 0.05037313432835821
1 0.47752808988764045 0.8176305970149254 0.15636704119850187 0.05068407960199005
1 0.4829119850187266 0.4466728855721393 0.15215355805243447 0.04757462686567164
0 0.4833801498127341 0.8751554726368159 0.16151685393258428 0.06685323383084577
0 0.4782303370786517 0.7674129353233831 0.1502808988764045 0.05037313432835821
0 0.4829119850187266 0.7251243781094527 0.1502808988764045 0.05037313432835821
0 0.48478464419475653 0.630907960199005 0.1502808988764045 0.05037313432835821
0 0.4829119850187266 0.5867537313432836 0.1502808988764045 0.05037313432835821
0 0.48478464419475653 0.5407338308457711 0.1502808988764045 0.05037313432835821
0 0.4829119850187266 0.4931592039800995 0.1502808988764045 0.05037313432835821
0 0.4868913857677903 0.4018967661691542 0.15168539325842698 0.04446517412935323
0 0.4892322097378277 0.31825248756218905 0.14606741573033707 0.053793532338308456
0 0.49391385767790263 0.22496890547263682 0.14606741573033707 0.053793532338308456
0 0.49204119850187267 0.18454601990049752 0.14606741573033707 0.053793532338308456
1 0.4934456928838951 0.2733208955223881 0.14887640449438203 0.05286069651741294
