0 0.6696206467661692 0.48080524344569286 0.05006218905472637 0.1301498127340824
0 0.29244402985074625 0.3330992509363296 0.05317164179104478 0.13717228464419476
0 0.17894900497512436 0.2839419475655431 0.0625 0.1343632958801498
0 0.21890547263681592 0.301498127340824 0.05845771144278607 0.13576779026217228
0 0.25699626865671643 0.3211610486891386 0.05503731343283582 0.1301498127340824
1 0.36473880597014924 0.3637640449438202 0.049129353233830844 0.13202247191011235
1 0.4056281094527363 0.39489700374531833 0.04197761194029851 0.10159176029962547
1 0.4392101990049751 0.39325842696629215 0.04508706467661692 0.13108614232209737
1 0.46906094527363185 0.4091760299625468 0.04446517412935323 0.12827715355805244
1 0.5738495024875622 0.4482677902621723 0.043843283582089554 0.13717228464419476
0 0.32664800995024873 0.35042134831460675 0.05317164179104478 0.13717228464419476
0 0.6360385572139303 0.46886704119850187 0.05317164179104478 0.13717228464419476
0 0.7032027363184079 0.49157303370786515 0.05006218905472637 0.1301498127340824
0 0.9542910447761194 0.07631086142322098 0.06592039800995025 0.09176029962546817
0 0.9289490049751243 0.1331928838951311 0.07120646766169154 0.09129213483146068
0 0.9015858208955224 0.19218164794007492 0.07120646766169154 0.09129213483146068
0 0.8757773631840796 0.24882958801498128 0.07120646766169154 0.09129213483146068
0 0.8490360696517413 0.30032771535580527 0.07120646766169154 0.09129213483146068
0 0.8238495024875622 0.35697565543071164 0.07120646766169154 0.09129213483146068
0 0.7966417910447762 0.4164325842696629 0.0708955223880597 0.08380149812734082
