0 0.6327445652173913 0.6294788273615635 0.05516304347826087 0.06840390879478828
1 0.5682065217391304 0.5063110749185668 0.04891304347826087 0.056596091205211724
0 0.7979619565217392 0.9690553745928339 0.05625 0.061074918566775244
0 0.778125 0.9275244299674267 0.05625 0.061074918566775244
0 0.7572010869565218 0.8811074918566775 0.05625 0.061074918566775244
0 0.7362771739130435 0.8420195439739414 0.05625 0.06514657980456026
0 0.7148097826086957 0.7988599348534202 0.05625 0.06514657980456026
0 0.7120923913043479 0.7947882736156352 0.05625 0.06514657980456026
0 0.6745923913043478 0.7133550488599348 0.05625 0.06514657980456026
0 0.6555706521739131 0.6693811074918566 0.05625 0.06514657980456026
0 0.613179347826087 0.5838762214983714 0.05625 0.06514657980456026
0 0.5921195652173913 0.5419381107491856 0.05434782608695652 0.059446254071661236
0 0.549320652173913 0.4539902280130293 0.05625 0.06514657980456026
0 0.5289402173913044 0.4153094462540717 0.05625 0.06514657980456026
0 0.5104619565217391 0.3713355048859935 0.05625 0.06514657980456026
