0 0.4789402173913043 0.634771986970684 0.06385869565217392 0.048859934853420196
1 0.47880434782608694 0.48412052117263843 0.06847826086956521 0.05130293159609121
0 0.48396739130434785 0.3273615635179153 0.06630434782608696 0.05537459283387622
0 0.4831521739130435 0.379885993485342 0.06630434782608696 0.05537459283387622
0 0.48233695652173914 0.43403908794788276 0.06630434782608696 0.05537459283387622
0 0.48043478260869565 0.5350162866449512 0.06630434782608696 0.05537459283387622
0 0.4796195652173913 0.5822475570032574 0.06630434782608696 0.05537459283387622
0 0.4777173913043478 0.6856677524429967 0.06630434782608696 0.05537459283387622
0 0.4782608695652174 0.7365635179153095 0.06630434782608696 0.05537459283387622
0 0.4763586956521739 0.7890879478827362 0.06630434782608696 0.05537459283387622
0 0.47445652173913044 0.8379478827361564 0.06630434782608696 0.05537459283387622
0 0.4736413043478261 0.8859934853420195 0.06630434782608696 0.05537459283387622
0 0.4741847826086957 0.9360749185667753 0.06630434782608696 0.05537459283387622
