0 0.458955223880597 0.05220037453183521 0.08644278606965174 0.06601123595505617
1 0.41822139303482586 0.5727996254681648 0.07649253731343283 0.05664794007490637
0 0.45864427860696516 0.11399812734082397 0.08644278606965174 0.06601123595505617
0 0.451181592039801 0.17064606741573032 0.08644278606965174 0.06601123595505617
0 0.44838308457711445 0.22963483146067415 0.08644278606965174 0.06601123595505617
0 0.4443407960199005 0.28581460674157305 0.08644278606965174 0.06601123595505617
0 0.43905472636815923 0.3476123595505618 0.08644278606965174 0.06601123595505617
0 0.43283582089552236 0.4023876404494382 0.08644278606965174 0.06601123595505617
0 0.4300373134328358 0.45903558052434457 0.08644278606965174 0.06601123595505617
0 0.4259950248756219 0.5161516853932584 0.08644278606965174 0.06601123595505617
0 0.41324626865671643 0.6912453183520599 0.08644278606965174 0.06601123595505617
1 0.4172885572139303 0.62687265917603 0.07898009950248756 0.0702247191011236
0 0.4085820895522388 0.7460205992509363 0.08644278606965174 0.06601123595505617
0 0.4045398009950249 0.8040730337078652 0.08644278606965174 0.06601123595505617
