0 0.4800271739130435 0.4155130293159609 0.05298913043478261 0.048452768729641695
1 0.4919836956521739 0.5753257328990228 0.05625 0.04478827361563518
0 0.49592391304347827 0.6569625407166124 0.05326086956521739 0.05171009771986971
0 0.49266304347826084 0.6154315960912052 0.05326086956521739 0.05171009771986971
0 0.48885869565217394 0.5297231270358306 0.05217391304347826 0.04723127035830619
0 0.4855978260869565 0.49348534201954397 0.05217391304347826 0.04723127035830619
0 0.48179347826086955 0.4535830618892508 0.05217391304347826 0.04723127035830619
0 0.47907608695652176 0.3737785016286645 0.05217391304347826 0.04723127035830619
0 0.47581521739130433 0.3330618892508143 0.05217391304347826 0.04723127035830619
0 0.4720108695652174 0.2943811074918567 0.05217391304347826 0.04723127035830619
0 0.47119565217391307 0.25651465798045603 0.05217391304347826 0.04723127035830619
0 0.4668478260869565 0.21579804560260588 0.05217391304347826 0.04723127035830619
