0 0.5328047263681592 0.34925093632958804 0.12468905472636815 0.10486891385767791
1 0.5416666666666666 0.5383895131086143 0.138681592039801 0.09925093632958802
0 0.5278296019900498 0.2532771535580524 0.12468905472636815 0.10486891385767791
0 0.5200559701492538 0.150749063670412 0.12468905472636815 0.10486891385767791
0 0.517568407960199 0.05383895131086142 0.12468905472636815 0.10486891385767791
0 0.5396455223880597 0.44241573033707865 0.12282338308457712 0.10018726591760299
0 0.5483519900497512 0.6399812734082397 0.12282338308457712 0.10018726591760299
0 0.554570895522388 0.7373595505617978 0.12282338308457712 0.10018726591760299
0 0.558613184079602 0.8319288389513109 0.12282338308457712 0.10018726591760299
0 0.5555037313432836 0.8366104868913857 0.12282338308457712 0.10018726591760299
