0 0.4789402173913043 0.36482084690553745 0.06385869565217392 0.048859934853420196
1 0.47880434782608694 0.5154723127035831 0.06847826086956521 0.05130293159609121
0 0.48396739130434785 0.6722312703583062 0.06630434782608696 0.05537459283387622
0 0.4831521739130435 0.6197068403908795 0.06630434782608696 0.05537459283387622
0 0.48233695652173914 0.5655537459283387 0.06630434782608696 0.05537459283387622
0 0.48043478260869565 0.46457654723127034 0.06630434782608696 0.05537459283387622
0 0.4796195652173913 0.4173452768729642 0.06630434782608696 0.05537459283387622
0 0.4777173913043478 0.31392508143322473 0.06630434782608696 0.05537459283387622
0 0.4782608695652174 0.26302931596091206 0.06630434782608696 0.05537459283387622
0 0.4763586956521739 0.21050488599348535 0.06630434782608696 0.05537459283387622
0 0.47445652173913044 0.16164495114006514 0.06630434782608696 0.05537459283387622
0 0.4736413043478261 0.11359934853420195 0.06630434782608696 0.05537459283387622
0 0.4741847826086957 0.06351791530944625 0.06630434782608696 0.05537459283387622
