0 0.466884328358209 0.34925093632958804 0.12468905472636815 0.10486891385767791
1 0.45802238805970147 0.5383895131086143 0.138681592039801 0.09925093632958802
0 0.4718594527363184 0.2532771535580524 0.12468905472636815 0.10486891385767791
0 0.47963308457711445 0.150749063670412 0.12468905472636815 0.10486891385767791
0 0.48212064676616917 0.05383895131086142 0.12468905472636815 0.10486891385767791
0 0.46004353233830847 0.44241573033707865 0.12282338308457712 0.10018726591760299
0 0.45133706467661694 0.6399812734082397 0.12282338308457712 0.10018726591760299
0 0.4451181592039801 0.7373595505617978 0.12282338308457712 0.10018726591760299
0 0.4410758706467662 0.8319288389513109 0.12282338308457712 0.10018726591760299
0 0.4441853233830846 0.8366104868913857 0.12282338308457712 0.10018726591760299
