0 0.4676630434782609 0.6019951140065146 0.06739130434782609 0.0981270358306189
1 0.5271739130434783 0.4989820846905538 0.06576086956521739 0.08835504885993485
0 0.4429347826086957 0.6508550488599348 0.06739130434782609 0.0981270358306189
0 0.41358695652173916 0.7033794788273615 0.06739130434782609 0.0981270358306189
0 0.3869565217391304 0.7506107491856677 0.06739130434782609 0.0981270358306189
0 0.3592391304347826 0.8039495114006515 0.06739130434782609 0.0981270358306189
0 0.3298913043478261 0.8528094462540716 0.06739130434782609 0.0981270358306189
0 0.2728260869565217 0.9566368078175895 0.06521739130434782 0.08672638436482084
0 0.3032608695652174 0.9061482084690554 0.06739130434782609 0.0981270358306189
0 0.5557065217391305 0.441571661237785 0.06739130434782609 0.0981270358306189
0 0.5817934782608696 0.3955618892508143 0.06739130434782609 0.0981270358306189
0 0.6067934782608696 0.34548045602605865 0.06739130434782609 0.0981270358306189
0 0.6380434782608696 0.2876628664495114 0.06739130434782609 0.0981270358306189
0 0.6682065217391304 0.24328175895765472 0.06739130434782609 0.0981270358306189
0 0.6953804347826087 0.1895358306188925 0.06739130434782609 0.0981270358306189
0 0.7239130434782609 0.1374185667752443 0.06739130434782609 0.0981270358306189
0 0.75 0.08041530944625407 0.06739130434782609 0.0981270358306189
0 0.7789402173913044 0.035627035830618894 0.0654891304347826 0.07125407166123779
