0 0.5714673913043479 0.025447882736156353 0.049456521739130434 0.04763843648208469
1 0.4282608695652174 0.49694625407166126 0.0483695652173913 0.05578175895765472
0 0.5612771739130434 0.057003257328990226 0.050271739130434784 0.05863192182410423
0 0.5490489130434782 0.09690553745928339 0.050271739130434784 0.05863192182410423
0 0.5365489130434783 0.13843648208469056 0.050271739130434784 0.05863192182410423
0 0.5251358695652174 0.1783387622149837 0.050271739130434784 0.05863192182410423
0 0.511820652173913 0.2182410423452769 0.050271739130434784 0.05863192182410423
0 0.5004076086956522 0.25773615635179153 0.050271739130434784 0.05863192182410423
0 0.48817934782608696 0.2956026058631922 0.050271739130434784 0.05863192182410423
0 0.47703804347826084 0.33672638436482083 0.050271739130434784 0.05863192182410423
0 0.4645380434782609 0.376628664495114 0.050271739130434784 0.05863192182410423
0 0.4517663043478261 0.4165309446254072 0.050271739130434784 0.05863192182410423
0 0.4403532608695652 0.4543973941368078 0.050271739130434784 0.05863192182410423
0 0.41508152173913043 0.5329804560260586 0.050271739130434784 0.05863192182410423
0 0.4033967391304348 0.5724755700325733 0.050271739130434784 0.05863192182410423
0 0.029076086956521738 0.3536237785016287 0.049456521739130434 0.07695439739413681
0 0.017527173913043478 0.3350977198697068 0.035054347826086955 0.0749185667752443
0 0.04809782608695652 0.36868892508143325 0.049456521739130434 0.07695439739413681
0 0.06603260869565217 0.38619706840390877 0.049456521739130434 0.07695439739413681
0 0.08396739130434783 0.40207654723127034 0.049456521739130434 0.07695439739413681
0 0.10190217391304347 0.4191775244299674 0.049456521739130434 0.07695439739413681
0 0.11902173913043479 0.4346498371335505 0.049456521739130434 0.07695439739413681
0 0.13668478260869565 0.45175081433224756 0.049456521739130434 0.07695439739413681
0 0.15353260869565216 0.46722312703583063 0.049456521739130434 0.07695439739413681
0 0.08125 0.40614820846905536 0.049456521739130434 0.07695439739413681
0 0.17282608695652174 0.4826954397394137 0.049456521739130434 0.07695439739413681
0 0.19021739130434784 0.4989820846905538 0.049456521739130434 0.07695439739413681
0 0.20679347826086958 0.5152687296416938 0.049456521739130434 0.07695439739413681
0 0.22146739130434784 0.5291123778501629 0.049456521739130434 0.07695439739413681
0 0.2418478260869565 0.5441775244299675 0.049456521739130434 0.07695439739413681
0 0.2584239130434783 0.560057003257329 0.049456521739130434 0.07695439739413681
0 0.27418478260869567 0.573086319218241 0.049456521739130434 0.07695439739413681
0 0.2926630434782609 0.5885586319218241 0.049456521739130434 0.07695439739413681
0 0.3095108695652174 0.6032166123778502 0.049456521739130434 0.07695439739413681
0 0.3269021739130435 0.6170602605863192 0.049456521739130434 0.07695439739413681
0 0.15081521739130435 0.47129478827361565 0.049456521739130434 0.07695439739413681
