0 0.5320652173913043 0.3975977198697068 0.06739130434782609 0.0981270358306189
1 0.47255434782608696 0.5006107491856677 0.06576086956521739 0.08835504885993485
0 0.5567934782608696 0.34873778501628666 0.06739130434782609 0.0981270358306189
0 0.5861413043478261 0.2962133550488599 0.06739130434782609 0.0981270358306189
0 0.6127717391304348 0.24898208469055375 0.06739130434782609 0.0981270358306189
0 0.6404891304347826 0.19564332247557004 0.06739130434782609 0.0981270358306189
0 0.6698369565217391 0.14678338762214985 0.06739130434782609 0.0981270358306189
0 0.7269021739130435 0.04336319218241042 0.06521739130434782 0.08672638436482084
0 0.6964673913043479 0.09344462540716612 0.06739130434782609 0.0981270358306189
0 0.4440217391304348 0.5580211726384365 0.06739130434782609 0.0981270358306189
0 0.41793478260869565 0.6040309446254072 0.06739130434782609 0.0981270358306189
0 0.39293478260869563 0.6541123778501629 0.06739130434782609 0.0981270358306189
0 0.36168478260869563 0.7119299674267101 0.06739130434782609 0.0981270358306189
0 0.33152173913043476 0.7563110749185668 0.06739130434782609 0.0981270358306189
0 0.30434782608695654 0.810057003257329 0.06739130434782609 0.0981270358306189
0 0.2758152173913043 0.8621742671009772 0.06739130434782609 0.0981270358306189
0 0.2497282608695652 0.9191775244299675 0.06739130434782609 0.0981270358306189
0 0.22078804347826086 0.9639657980456026 0.0654891304347826 0.07125407166123779
