0 0.34965796019900497 0.7769194756554307 0.11909203980099503 0.18211610486891386
0 0.394589552238806 0.7205056179775281 0.11256218905472637 0.1947565543071161
1 0.5348258706467661 0.5571161048689138 0.0914179104477612 0.1441947565543071
1 0.6277985074626866 0.4580992509363296 0.09577114427860696 0.1849250936329588
0 0.30597014925373134 0.8328651685393258 0.1150497512437811 0.19101123595505617
0 0.26010572139303484 0.899812734082397 0.12220149253731344 0.1891385767790262
0 0.439365671641791 0.6699438202247191 0.11629353233830846 0.1900749063670412
0 0.7058457711442786 0.3548689138576779 0.11380597014925373 0.18632958801498128
0 0.7534203980099502 0.3059456928838951 0.11069651741293532 0.18773408239700373
0 0.792910447761194 0.261938202247191 0.11069651741293532 0.18773408239700373
0 0.8367537313432836 0.21184456928838952 0.11069651741293532 0.18773408239700373
0 0.882773631840796 0.162687265917603 0.11069651741293532 0.18773408239700373
0 0.9269278606965174 0.1125936329588015 0.11069651741293532 0.18773408239700373
