0 0.4676630434782609 0.3975977198697068 0.06739130434782609 0.0981270358306189
1 0.5271739130434783 0.5006107491856677 0.06576086956521739 0.08835504885993485
0 0.4429347826086957 0.34873778501628666 0.06739130434782609 0.0981270358306189
0 0.41358695652173916 0.2962133550488599 0.06739130434782609 0.0981270358306189
0 0.3869565217391304 0.24898208469055375 0.06739130434782609 0.0981270358306189
0 0.3592391304347826 0.19564332247557004 0.06739130434782609 0.0981270358306189
0 0.3298913043478261 0.14678338762214985 0.06739130434782609 0.0981270358306189
0 0.2728260869565217 0.04336319218241042 0.06521739130434782 0.08672638436482084
0 0.3032608695652174 0.09344462540716612 0.06739130434782609 0.0981270358306189
0 0.5557065217391305 0.5580211726384365 0.06739130434782609 0.0981270358306189
0 0.5817934782608696 0.6040309446254072 0.06739130434782609 0.0981270358306189
0 0.6067934782608696 0.6541123778501629 0.06739130434782609 0.0981270358306189
0 0.6380434782608696 0.7119299674267101 0.06739130434782609 0.0981270358306189
0 0.6682065217391304 0.7563110749185668 0.06739130434782609 0.0981270358306189
0 0.6953804347826087 0.810057003257329 0.06739130434782609 0.0981270358306189
0 0.7239130434782609 0.8621742671009772 0.06739130434782609 0.0981270358306189
0 0.75 0.9191775244299675 0.06739130434782609 0.0981270358306189
0 0.7789402173913044 0.9639657980456026 0.0654891304347826 0.07125407166123779
