0 0.4068352059925094 0.33131218905472637 0.12640449438202248 0.04322139303482587
1 0.41198501872659177 0.2490671641791045 0.12734082397003746 0.04788557213930348
0 0.41292134831460675 0.29213308457711445 0.12640449438202248 0.04322139303482587
0 0.41619850187265917 0.19993781094527363 0.1254681647940075 0.05845771144278607
0 0.4066011235955056 0.37220149253731344 0.12687265917602997 0.04664179104477612
0 0.4056647940074906 0.4116915422885572 0.12687265917602997 0.04664179104477612
0 0.40191947565543074 0.4539800995024876 0.12687265917602997 0.04664179104477612
0 0.40004681647940077 0.4947139303482587 0.12687265917602997 0.04664179104477612
0 0.39396067415730335 0.5342039800995025 0.12687265917602997 0.04664179104477612
0 0.39536516853932585 0.5746268656716418 0.12687265917602997 0.04664179104477612
0 0.3925561797752809 0.6138059701492538 0.12687265917602997 0.04664179104477612
0 0.3874063670411985 0.654228855721393 0.12687265917602997 0.04664179104477612
0 0.386938202247191 0.6962064676616916 0.12687265917602997 0.04664179104477612
0 0.386938202247191 0.7335199004975125 0.12687265917602997 0.04664179104477612
0 0.37897940074906367 0.7714552238805971 0.12687265917602997 0.04664179104477612
0 0.37219101123595505 0.8079912935323383 0.12640449438202248 0.05068407960199005
0 0.2598314606741573 0.6464552238805971 0.07116104868913857 0.08208955223880597
0 0.19428838951310862 0.6473880597014925 0.07116104868913857 0.08208955223880597
0 0.13202247191011235 0.648320895522388 0.07116104868913857 0.08208955223880597
0 0.075374531835206 0.6480099502487562 0.07116104868913857 0.08208955223880597
0 0.24367977528089887 0.5864427860696517 0.07350187265917603 0.04788557213930348
0 0.2993913857677903 0.5861318407960199 0.07350187265917603 0.04788557213930348
0 0.17907303370786518 0.5864427860696517 0.07350187265917603 0.04788557213930348
0 0.11821161048689138 0.5870646766169154 0.07350187265917603 0.04788557213930348
0 0.05500936329588015 0.5864427860696517 0.07350187265917603 0.04788557213930348
0 0.059691011235955056 0.5895522388059702 0.07350187265917603 0.04788557213930348
