0 0.5328047263681592 0.6502808988764045 0.12468905472636815 0.10486891385767791
1 0.5416666666666666 0.46114232209737827 0.138681592039801 0.09925093632958802
0 0.5278296019900498 0.7462546816479401 0.12468905472636815 0.10486891385767791
0 0.5200559701492538 0.8487827715355806 0.12468905472636815 0.10486891385767791
0 0.517568407960199 0.9456928838951311 0.12468905472636815 0.10486891385767791
0 0.5396455223880597 0.5571161048689138 0.12282338308457712 0.10018726591760299
0 0.5483519900497512 0.3595505617977528 0.12282338308457712 0.10018726591760299
0 0.554570895522388 0.26217228464419473 0.12282338308457712 0.10018726591760299
0 0.558613184079602 0.16760299625468164 0.12282338308457712 0.10018726591760299
0 0.5555037313432836 0.16292134831460675 0.12282338308457712 0.10018726591760299
