0 0.330068407960199 0.5187265917602997 0.05006218905472637 0.1301498127340824
0 0.7072450248756219 0.6664325842696629 0.05317164179104478 0.13717228464419476
0 0.8207400497512438 0.7155898876404494 0.0625 0.1343632958801498
0 0.7807835820895522 0.6980337078651685 0.05845771144278607 0.13576779026217228
0 0.7426927860696517 0.6783707865168539 0.05503731343283582 0.1301498127340824
1 0.6349502487562189 0.6357677902621723 0.049129353233830844 0.13202247191011235
1 0.5940609452736318 0.6046348314606742 0.04197761194029851 0.10159176029962547
1 0.560478855721393 0.6062734082397003 0.04508706467661692 0.13108614232209737
1 0.5306281094527363 0.5903558052434457 0.04446517412935323 0.12827715355805244
1 0.425839552238806 0.5512640449438202 0.043843283582089554 0.13717228464419476
0 0.6730410447761194 0.6491104868913857 0.05317164179104478 0.13717228464419476
0 0.36365049751243783 0.5306647940074907 0.05317164179104478 0.13717228464419476
0 0.2964863184079602 0.5079588014981273 0.05006218905472637 0.1301498127340824
0 0.04539800995024876 0.9232209737827716 0.06592039800995025 0.09176029962546817
0 0.07074004975124377 0.8663389513108615 0.07120646766169154 0.09129213483146068
0 0.09810323383084577 0.8073501872659176 0.07120646766169154 0.09129213483146068
0 0.12391169154228855 0.7507022471910112 0.07120646766169154 0.09129213483146068
0 0.15065298507462688 0.6992041198501873 0.07120646766169154 0.09129213483146068
0 0.17583955223880596 0.6425561797752809 0.07120646766169154 0.09129213483146068
0 0.20304726368159204 0.5830992509363296 0.0708955223880597 0.08380149812734082
