0 0.458955223880597 0.9473314606741573 0.08644278606965174 0.06601123595505617
1 0.41822139303482586 0.4267322097378277 0.07649253731343283 0.05664794007490637
0 0.45864427860696516 0.8855337078651685 0.08644278606965174 0.06601123595505617
0 0.451181592039801 0.8288857677902621 0.08644278606965174 0.06601123595505617
0 0.44838308457711445 0.7698970037453183 0.08644278606965174 0.06601123595505617
0 0.4443407960199005 0.7137172284644194 0.08644278606965174 0.06601123595505617
0 0.43905472636815923 0.6519194756554307 0.08644278606965174 0.06601123595505617
0 0.43283582089552236 0.5971441947565543 0.08644278606965174 0.06601123595505617
0 0.4300373134328358 0.540496254681648 0.08644278606965174 0.06601123595505617
0 0.4259950248756219 0.4833801498127341 0.08644278606965174 0.06601123595505617
0 0.41324626865671643 0.3082865168539326 0.08644278606965174 0.06601123595505617
1 0.4172885572139303 0.37265917602996257 0.07898009950248756 0.0702247191011236
0 0.4085820895522388 0.2535112359550562 0.08644278606965174 0.06601123595505617
0 0.4045398009950249 0.19545880149812733 0.08644278606965174 0.06601123595505617
