0 0.5207880434782609 0.36482084690553745 0.06385869565217392 0.048859934853420196
1 0.5209239130434783 0.5154723127035831 0.06847826086956521 0.05130293159609121
0 0.5157608695652174 0.6722312703583062 0.06630434782608696 0.05537459283387622
0 0.5165760869565217 0.6197068403908795 0.06630434782608696 0.05537459283387622
0 0.5173913043478261 0.5655537459283387 0.06630434782608696 0.05537459283387622
0 0.5192934782608696 0.46457654723127034 0.06630434782608696 0.05537459283387622
0 0.5201086956521739 0.4173452768729642 0.06630434782608696 0.05537459283387622
0 0.5220108695652174 0.31392508143322473 0.06630434782608696 0.05537459283387622
0 0.5214673913043478 0.26302931596091206 0.06630434782608696 0.05537459283387622
0 0.5233695652173913 0.21050488599348535 0.06630434782608696 0.05537459283387622
0 0.5252717391304348 0.16164495114006514 0.06630434782608696 0.05537459283387622
0 0.5260869565217391 0.11359934853420195 0.06630434782608696 0.05537459283387622
0 0.5255434782608696 0.06351791530944625 0.06630434782608696 0.05537459283387622
