0 0.4868913857677903 0.6403917910447762 0.15543071161048688 0.048196517412935326
0 0.4829119850187266 0.32369402985074625 0.1502808988764045 0.05037313432835821
1 0.47752808988764045 0.18205845771144277 0.15636704119850187 0.05068407960199005
1 0.4829119850187266 0.5530161691542289 0.15215355805243447 0.04757462686567164
0 0.4833801498127341 0.12453358208955224 0.16151685393258428 0.06685323383084577
0 0.4782303370786517 0.23227611940298507 0.1502808988764045 0.05037313432835821
0 0.4829119850187266 0.2745646766169154 0.1502808988764045 0.05037313432835821
0 0.48478464419475653 0.3687810945273632 0.1502808988764045 0.05037313432835821
0 0.4829119850187266 0.4129353233830846 0.1502808988764045 0.05037313432835821
0 0.48478464419475653 0.458955223880597 0.1502808988764045 0.05037313432835821
0 0.4829119850187266 0.5065298507462687 0.1502808988764045 0.05037313432835821
0 0.4868913857677903 0.5977922885572139 0.15168539325842698 0.04446517412935323
0 0.4892322097378277 0.6814365671641791 0.14606741573033707 0.053793532338308456
0 0.49391385767790263 0.7747201492537313 0.14606741573033707 0.053793532338308456
0 0.49204119850187267 0.8151430348258707 0.14606741573033707 0.053793532338308456
1 0.4934456928838951 0.7263681592039801 0.14887640449438203 0.05286069651741294
