0 0.5126404494382022 0.35929726368159204 0.15543071161048688 0.048196517412935326
0 0.516619850187266 0.6759950248756219 0.1502808988764045 0.05037313432835821
1 0.522003745318352 0.8176305970149254 0.15636704119850187 0.05068407960199005
1 0.516619850187266 0.4466728855721393 0.15215355805243447 0.04757462686567164
0 0.5161516853932584 0.8751554726368159 0.16151685393258428 0.06685323383084577
0 0.5213014981273408 0.7674129353233831 0.1502808988764045 0.05037313432835821
0 0.516619850187266 0.7251243781094527 0.1502808988764045 0.05037313432835821
0 0.514747191011236 0.630907960199005 0.1502808988764045 0.05037313432835821
0 0.516619850187266 0.5867537313432836 0.1502808988764045 0.05037313432835821
0 0.514747191011236 0.5407338308457711 0.1502808988764045 0.05037313432835821
0 0.516619850187266 0.4931592039800995 0.1502808988764045 0.05037313432835821
0 0.5126404494382022 0.4018967661691542 0.15168539325842698 0.04446517412935323
0 0.5102996254681648 0.31825248756218905 0.14606741573033707 0.053793532338308456
0 0.5056179775280899 0.22496890547263682 0.14606741573033707 0.053793532338308456
0 0.5074906367041199 0.18454601990049752 0.14606741573033707 0.053793532338308456
1 0.5060861423220974 0.2733208955223881 0.14887640449438203 0.05286069651741294
