0 0.37033582089552236 0.48525280898876405 0.11878109452736318 0.2794943820224719
1 0.4735696517412935 0.5674157303370787 0.1044776119402985 0.299625468164794
0 0.7321206467661692 0.74812734082397 0.17444029850746268 0.28651685393258425
0 0.7352300995024875 0.7434456928838952 0.17444029850746268 0.28651685393258425
0 0.6204912935323383 0.6544943820224719 0.17444029850746268 0.28651685393258425
0 0.568252487562189 0.6058052434456929 0.17444029850746268 0.28651685393258425
0 0.3986318407960199 0.5395599250936329 0.06343283582089553 0.25234082397003743
0 0.3291355721393035 0.44499063670411987 0.15143034825870647 0.28230337078651685
0 0.3322450248756219 0.44030898876404495 0.15143034825870647 0.28230337078651685
0 0.2240360696517413 0.3738295880149813 0.15143034825870647 0.28230337078651685
0 0.17335199004975124 0.3368445692883895 0.15143034825870647 0.28230337078651685
0 0.12049129353233831 0.3059456928838951 0.15143034825870647 0.28230337078651685
0 0.07571517412935323 0.28347378277153557 0.15143034825870647 0.28230337078651685
