0 0.5197010869565217 0.5840798045602605 0.05298913043478261 0.048452768729641695
1 0.5077445652173913 0.4242671009771987 0.05625 0.04478827361563518
0 0.503804347826087 0.34263029315960913 0.05326086956521739 0.05171009771986971
0 0.5070652173913044 0.38416123778501626 0.05326086956521739 0.05171009771986971
0 0.5108695652173914 0.46986970684039087 0.05217391304347826 0.04723127035830619
0 0.5141304347826087 0.5061074918566775 0.05217391304347826 0.04723127035830619
0 0.5179347826086956 0.5460097719869706 0.05217391304347826 0.04723127035830619
0 0.5206521739130435 0.625814332247557 0.05217391304347826 0.04723127035830619
0 0.5239130434782608 0.6665309446254072 0.05217391304347826 0.04723127035830619
0 0.5277173913043478 0.7052117263843648 0.05217391304347826 0.04723127035830619
0 0.5285326086956522 0.7430781758957655 0.05217391304347826 0.04723127035830619
0 0.5328804347826087 0.7837947882736156 0.05217391304347826 0.04723127035830619
