0 0.5572010869565217 0.48574918566775244 0.07744565217391304 0.06514657980456026
1 0.5514945652173913 0.3359120521172638 0.0779891304347826 0.06188925081433225
1 0.5550271739130435 0.4368892508143323 0.0779891304347826 0.06188925081433225
0 0.5377717391304347 0.02768729641693811 0.0782608695652174 0.05537459283387622
0 0.5400815217391305 0.07308631921824105 0.07853260869565218 0.06473941368078176
0 0.5410326086956522 0.12438925081433225 0.07554347826086956 0.06718241042345277
0 0.5451086956521739 0.17772801302931596 0.07554347826086956 0.06718241042345277
0 0.5459239130434783 0.23106677524429967 0.07554347826086956 0.06718241042345277
0 0.5489130434782609 0.27992671009771986 0.07554347826086956 0.06718241042345277
0 0.5543478260869565 0.38925081433224756 0.075 0.05374592833876222
0 0.5607336956521739 0.5409201954397395 0.07581521739130435 0.06555374592833876
0 0.5626358695652174 0.5881514657980456 0.07581521739130435 0.06555374592833876
0 0.5667119565217391 0.6406758957654723 0.07581521739130435 0.06555374592833876
