0 0.3669836956521739 0.6294788273615635 0.05516304347826087 0.06840390879478828
1 0.4315217391304348 0.5063110749185668 0.04891304347826087 0.056596091205211724
0 0.20176630434782608 0.9690553745928339 0.05625 0.061074918566775244
0 0.22160326086956522 0.9275244299674267 0.05625 0.061074918566775244
0 0.2425271739130435 0.8811074918566775 0.05625 0.061074918566775244
0 0.26345108695652175 0.8420195439739414 0.05625 0.06514657980456026
0 0.2849184782608696 0.7988599348534202 0.05625 0.06514657980456026
0 0.2876358695652174 0.7947882736156352 0.05625 0.06514657980456026
0 0.3251358695652174 0.7133550488599348 0.05625 0.06514657980456026
0 0.34415760869565215 0.6693811074918566 0.05625 0.06514657980456026
0 0.38654891304347827 0.5838762214983714 0.05625 0.06514657980456026
0 0.4076086956521739 0.5419381107491856 0.05434782608695652 0.059446254071661236
0 0.45040760869565216 0.4539902280130293 0.05625 0.06514657980456026
0 0.47078804347826086 0.4153094462540717 0.05625 0.06514657980456026
0 0.4892663043478261 0.3713355048859935 0.05625 0.06514657980456026
