0 0.5407338308457711 0.05220037453183521 0.08644278606965174 0.06601123595505617
1 0.5814676616915423 0.5727996254681648 0.07649253731343283 0.05664794007490637
0 0.5410447761194029 0.11399812734082397 0.08644278606965174 0.06601123595505617
0 0.5485074626865671 0.17064606741573032 0.08644278606965174 0.06601123595505617
0 0.5513059701492538 0.22963483146067415 0.08644278606965174 0.06601123595505617
0 0.5553482587064676 0.28581460674157305 0.08644278606965174 0.06601123595505617
0 0.5606343283582089 0.3476123595505618 0.08644278606965174 0.06601123595505617
0 0.5668532338308457 0.4023876404494382 0.08644278606965174 0.06601123595505617
0 0.5696517412935324 0.45903558052434457 0.08644278606965174 0.06601123595505617
0 0.5736940298507462 0.5161516853932584 0.08644278606965174 0.06601123595505617
0 0.5864427860696517 0.6912453183520599 0.08644278606965174 0.06601123595505617
1 0.5824004975124378 0.62687265917603 0.07898009950248756 0.0702247191011236
0 0.5911069651741293 0.7460205992509363 0.08644278606965174 0.06601123595505617
0 0.5951492537313433 0.8040730337078652 0.08644278606965174 0.06601123595505617
