0 0.6500310945273632 0.7769194756554307 0.11909203980099503 0.18211610486891386
0 0.6050995024875622 0.7205056179775281 0.11256218905472637 0.1947565543071161
1 0.464863184079602 0.5571161048689138 0.0914179104477612 0.1441947565543071
1 0.3718905472636816 0.4580992509363296 0.09577114427860696 0.1849250936329588
0 0.6937189054726368 0.8328651685393258 0.1150497512437811 0.19101123595505617
0 0.7395833333333334 0.899812734082397 0.12220149253731344 0.1891385767790262
0 0.5603233830845771 0.6699438202247191 0.11629353233830846 0.1900749063670412
0 0.29384328358208955 0.3548689138576779 0.11380597014925373 0.18632958801498128
0 0.2462686567164179 0.3059456928838951 0.11069651741293532 0.18773408239700373
0 0.20677860696517414 0.261938202247191 0.11069651741293532 0.18773408239700373
0 0.16293532338308458 0.21184456928838952 0.11069651741293532 0.18773408239700373
0 0.11691542288557213 0.162687265917603 0.11069651741293532 0.18773408239700373
0 0.07276119402985075 0.1125936329588015 0.11069651741293532 0.18773408239700373
