0 0.37033582089552236 0.5142790262172284 0.11878109452736318 0.2794943820224719
1 0.4735696517412935 0.43211610486891383 0.1044776119402985 0.299625468164794
0 0.7321206467661692 0.25140449438202245 0.17444029850746268 0.28651685393258425
0 0.7352300995024875 0.25608614232209737 0.17444029850746268 0.28651685393258425
0 0.6204912935323383 0.3450374531835206 0.17444029850746268 0.28651685393258425
0 0.568252487562189 0.3937265917602996 0.17444029850746268 0.28651685393258425
0 0.3986318407960199 0.45997191011235955 0.06343283582089553 0.25234082397003743
0 0.3291355721393035 0.5545411985018727 0.15143034825870647 0.28230337078651685
0 0.3322450248756219 0.5592228464419475 0.15143034825870647 0.28230337078651685
0 0.2240360696517413 0.6257022471910112 0.15143034825870647 0.28230337078651685
0 0.17335199004975124 0.662687265917603 0.15143034825870647 0.28230337078651685
0 0.12049129353233831 0.6935861423220974 0.15143034825870647 0.28230337078651685
0 0.07571517412935323 0.716058052434457 0.15143034825870647 0.28230337078651685
