0 0.4282608695652174 0.9741449511400652 0.049456521739130434 0.04763843648208469
1 0.5714673913043479 0.5026465798045603 0.0483695652173913 0.05578175895765472
0 0.43845108695652174 0.9425895765472313 0.050271739130434784 0.05863192182410423
0 0.45067934782608693 0.9026872964169381 0.050271739130434784 0.05863192182410423
0 0.46317934782608694 0.8611563517915309 0.050271739130434784 0.05863192182410423
0 0.4745923913043478 0.8212540716612378 0.050271739130434784 0.05863192182410423
0 0.4879076086956522 0.7813517915309446 0.050271739130434784 0.05863192182410423
0 0.499320652173913 0.74185667752443 0.050271739130434784 0.05863192182410423
0 0.5115489130434783 0.7039902280130294 0.050271739130434784 0.05863192182410423
0 0.5226902173913044 0.6628664495114006 0.050271739130434784 0.05863192182410423
0 0.5351902173913043 0.6229641693811075 0.050271739130434784 0.05863192182410423
0 0.5479619565217392 0.5830618892508144 0.050271739130434784 0.05863192182410423
0 0.559375 0.5451954397394136 0.050271739130434784 0.05863192182410423
0 0.5846467391304347 0.46661237785016285 0.050271739130434784 0.05863192182410423
0 0.5963315217391304 0.42711726384364823 0.050271739130434784 0.05863192182410423
0 0.9706521739130435 0.6459690553745928 0.049456521739130434 0.07695439739413681
0 0.9824728260869565 0.6644951140065146 0.035054347826086955 0.0749185667752443
0 0.9516304347826087 0.6309039087947883 0.049456521739130434 0.07695439739413681
0 0.933695652173913 0.6133957654723127 0.049456521739130434 0.07695439739413681
0 0.9157608695652174 0.5975162866449512 0.049456521739130434 0.07695439739413681
0 0.8978260869565218 0.5804153094462541 0.049456521739130434 0.07695439739413681
0 0.8807065217391304 0.564942996742671 0.049456521739130434 0.07695439739413681
0 0.8630434782608696 0.5478420195439739 0.049456521739130434 0.07695439739413681
0 0.846195652173913 0.5323697068403909 0.049456521739130434 0.07695439739413681
0 0.9184782608695652 0.5934446254071661 0.049456521739130434 0.07695439739413681
0 0.8269021739130434 0.5168973941368078 0.049456521739130434 0.07695439739413681
0 0.8095108695652173 0.5006107491856677 0.049456521739130434 0.07695439739413681
0 0.7929347826086957 0.4843241042345277 0.049456521739130434 0.07695439739413681
0 0.7782608695652173 0.47048045602605865 0.049456521739130434 0.07695439739413681
0 0.7578804347826087 0.4554153094462541 0.049456521739130434 0.07695439739413681
0 0.741304347826087 0.4395358306188925 0.049456521739130434 0.07695439739413681
0 0.7255434782608695 0.42650651465798045 0.049456521739130434 0.07695439739413681
0 0.7070652173913043 0.4110342019543974 0.049456521739130434 0.07695439739413681
0 0.6902173913043478 0.3963762214983713 0.049456521739130434 0.07695439739413681
0 0.6728260869565217 0.38253257328990226 0.049456521739130434 0.07695439739413681
0 0.8489130434782609 0.5282980456026058 0.049456521739130434 0.07695439739413681
