0 0.5926966292134831 0.33131218905472637 0.12640449438202248 0.04322139303482587
1 0.5875468164794008 0.2490671641791045 0.12734082397003746 0.04788557213930348
0 0.5866104868913857 0.29213308457711445 0.12640449438202248 0.04322139303482587
0 0.5833333333333334 0.19993781094527363 0.1254681647940075 0.05845771144278607
0 0.5929307116104869 0.37220149253731344 0.12687265917602997 0.04664179104477612
0 0.5938670411985019 0.4116915422885572 0.12687265917602997 0.04664179104477612
0 0.5976123595505618 0.4539800995024876 0.12687265917602997 0.04664179104477612
0 0.5994850187265918 0.4947139303482587 0.12687265917602997 0.04664179104477612
0 0.6055711610486891 0.5342039800995025 0.12687265917602997 0.04664179104477612
0 0.6041666666666666 0.5746268656716418 0.12687265917602997 0.04664179104477612
0 0.6069756554307116 0.6138059701492538 0.12687265917602997 0.04664179104477612
0 0.612125468164794 0.654228855721393 0.12687265917602997 0.04664179104477612
0 0.6125936329588015 0.6962064676616916 0.12687265917602997 0.04664179104477612
0 0.6125936329588015 0.7335199004975125 0.12687265917602997 0.04664179104477612
0 0.6205524344569289 0.7714552238805971 0.12687265917602997 0.04664179104477612
0 0.6273408239700374 0.8079912935323383 0.12640449438202248 0.05068407960199005
0 0.7397003745318352 0.6464552238805971 0.07116104868913857 0.08208955223880597
0 0.8052434456928839 0.6473880597014925 0.07116104868913857 0.08208955223880597
0 0.8675093632958801 0.648320895522388 0.07116104868913857 0.08208955223880597
0 0.9241573033707865 0.6480099502487562 0.07116104868913857 0.08208955223880597
0 0.7558520599250936 0.5864427860696517 0.07350187265917603 0.04788557213930348
0 0.7001404494382022 0.5861318407960199 0.07350187265917603 0.04788557213930348
0 0.8204588014981273 0.5864427860696517 0.07350187265917603 0.04788557213930348
0 0.8813202247191011 0.5870646766169154 0.07350187265917603 0.04788557213930348
0 0.9445224719101124 0.5864427860696517 0.07350187265917603 0.04788557213930348
0 0.9398408239700374 0.5895522388059702 0.07350187265917603 0.04788557213930348
