0 0.5714673913043479 0.9741449511400652 0.049456521739130434 0.04763843648208469
1 0.4282608695652174 0.5026465798045603 0.0483695652173913 0.05578175895765472
0 0.5612771739130434 0.9425895765472313 0.050271739130434784 0.05863192182410423
0 0.5490489130434782 0.9026872964169381 0.050271739130434784 0.05863192182410423
0 0.5365489130434783 0.8611563517915309 0.050271739130434784 0.05863192182410423
0 0.5251358695652174 0.8212540716612378 0.050271739130434784 0.05863192182410423
0 0.511820652173913 0.7813517915309446 0.050271739130434784 0.05863192182410423
0 0.5004076086956522 0.74185667752443 0.050271739130434784 0.05863192182410423
0 0.48817934782608696 0.7039902280130294 0.050271739130434784 0.05863192182410423
0 0.47703804347826084 0.6628664495114006 0.050271739130434784 0.05863192182410423
0 0.4645380434782609 0.6229641693811075 0.050271739130434784 0.05863192182410423
0 0.4517663043478261 0.5830618892508144 0.050271739130434784 0.05863192182410423
0 0.4403532608695652 0.5451954397394136 0.050271739130434784 0.05863192182410423
0 0.41508152173913043 0.46661237785016285 0.050271739130434784 0.05863192182410423
0 0.4033967391304348 0.42711726384364823 0.050271739130434784 0.05863192182410423
0 0.029076086956521738 0.6459690553745928 0.049456521739130434 0.07695439739413681
0 0.017527173913043478 0.6644951140065146 0.035054347826086955 0.0749185667752443
0 0.04809782608695652 0.6309039087947883 0.049456521739130434 0.07695439739413681
0 0.06603260869565217 0.6133957654723127 0.049456521739130434 0.07695439739413681
0 0.08396739130434783 0.5975162866449512 0.049456521739130434 0.07695439739413681
0 0.10190217391304347 0.5804153094462541 0.049456521739130434 0.07695439739413681
0 0.11902173913043479 0.564942996742671 0.049456521739130434 0.07695439739413681
0 0.13668478260869565 0.5478420195439739 0.049456521739130434 0.07695439739413681
0 0.15353260869565216 0.5323697068403909 0.049456521739130434 0.07695439739413681
0 0.08125 0.5934446254071661 0.049456521739130434 0.07695439739413681
0 0.17282608695652174 0.5168973941368078 0.049456521739130434 0.07695439739413681
0 0.19021739130434784 0.5006107491856677 0.049456521739130434 0.07695439739413681
0 0.20679347826086958 0.4843241042345277 0.049456521739130434 0.07695439739413681
0 0.22146739130434784 0.47048045602605865 0.049456521739130434 0.07695439739413681
0 0.2418478260869565 0.4554153094462541 0.049456521739130434 0.07695439739413681
0 0.2584239130434783 0.4395358306188925 0.049456521739130434 0.07695439739413681
0 0.27418478260869567 0.42650651465798045 0.049456521739130434 0.07695439739413681
0 0.2926630434782609 0.4110342019543974 0.049456521739130434 0.07695439739413681
0 0.3095108695652174 0.3963762214983713 0.049456521739130434 0.07695439739413681
0 0.3269021739130435 0.38253257328990226 0.049456521739130434 0.07695439739413681
0 0.15081521739130435 0.5282980456026058 0.049456521739130434 0.07695439739413681
