0 0.5207880434782609 0.634771986970684 0.06385869565217392 0.048859934853420196
1 0.5209239130434783 0.48412052117263843 0.06847826086956521 0.05130293159609121
0 0.5157608695652174 0.3273615635179153 0.06630434782608696 0.05537459283387622
0 0.5165760869565217 0.379885993485342 0.06630434782608696 0.05537459283387622
0 0.5173913043478261 0.43403908794788276 0.06630434782608696 0.05537459283387622
0 0.5192934782608696 0.5350162866449512 0.06630434782608696 0.05537459283387622
0 0.5201086956521739 0.5822475570032574 0.06630434782608696 0.05537459283387622
0 0.5220108695652174 0.6856677524429967 0.06630434782608696 0.05537459283387622
0 0.5214673913043478 0.7365635179153095 0.06630434782608696 0.05537459283387622
0 0.5233695652173913 0.7890879478827362 0.06630434782608696 0.05537459283387622
0 0.5252717391304348 0.8379478827361564 0.06630434782608696 0.05537459283387622
0 0.5260869565217391 0.8859934853420195 0.06630434782608696 0.05537459283387622
0 0.5255434782608696 0.9360749185667753 0.06630434782608696 0.05537459283387622
