0 0.3669836956521739 0.370114006514658 0.05516304347826087 0.06840390879478828
1 0.4315217391304348 0.49328175895765475 0.04891304347826087 0.056596091205211724
0 0.20176630434782608 0.030537459283387622 0.05625 0.061074918566775244
0 0.22160326086956522 0.07206840390879479 0.05625 0.061074918566775244
0 0.2425271739130435 0.11848534201954397 0.05625 0.061074918566775244
0 0.26345108695652175 0.15757328990228012 0.05625 0.06514657980456026
0 0.2849184782608696 0.2007328990228013 0.05625 0.06514657980456026
0 0.2876358695652174 0.20480456026058633 0.05625 0.06514657980456026
0 0.3251358695652174 0.28623778501628666 0.05625 0.06514657980456026
0 0.34415760869565215 0.3302117263843648 0.05625 0.06514657980456026
0 0.38654891304347827 0.4157166123778502 0.05625 0.06514657980456026
0 0.4076086956521739 0.4576547231270358 0.05434782608695652 0.059446254071661236
0 0.45040760869565216 0.5456026058631922 0.05625 0.06514657980456026
0 0.47078804347826086 0.5842833876221498 0.05625 0.06514657980456026
0 0.4892663043478261 0.628257328990228 0.05625 0.06514657980456026
