0 0.466884328358209 0.6502808988764045 0.12468905472636815 0.10486891385767791
1 0.45802238805970147 0.46114232209737827 0.138681592039801 0.09925093632958802
0 0.4718594527363184 0.7462546816479401 0.12468905472636815 0.10486891385767791
0 0.47963308457711445 0.8487827715355806 0.12468905472636815 0.10486891385767791
0 0.48212064676616917 0.9456928838951311 0.12468905472636815 0.10486891385767791
0 0.46004353233830847 0.5571161048689138 0.12282338308457712 0.10018726591760299
0 0.45133706467661694 0.3595505617977528 0.12282338308457712 0.10018726591760299
0 0.4451181592039801 0.26217228464419473 0.12282338308457712 0.10018726591760299
0 0.4410758706467662 0.16760299625468164 0.12282338308457712 0.10018726591760299
0 0.4441853233830846 0.16292134831460675 0.12282338308457712 0.10018726591760299
