0 0.44252717391304347 0.5138436482084691 0.07744565217391304 0.06514657980456026
1 0.4482336956521739 0.6636807817589576 0.0779891304347826 0.06188925081433225
1 0.4447010869565217 0.5627035830618893 0.0779891304347826 0.06188925081433225
0 0.46195652173913043 0.9719055374592834 0.0782608695652174 0.05537459283387622
0 0.4596467391304348 0.9265065146579805 0.07853260869565218 0.06473941368078176
0 0.45869565217391306 0.8752035830618893 0.07554347826086956 0.06718241042345277
0 0.45461956521739133 0.8218648208469055 0.07554347826086956 0.06718241042345277
0 0.453804347826087 0.7685260586319218 0.07554347826086956 0.06718241042345277
0 0.45081521739130437 0.7196661237785016 0.07554347826086956 0.06718241042345277
0 0.4453804347826087 0.6103420195439739 0.075 0.05374592833876222
0 0.43899456521739133 0.4586726384364821 0.07581521739130435 0.06555374592833876
0 0.43709239130434785 0.4114413680781759 0.07581521739130435 0.06555374592833876
0 0.43301630434782606 0.3589169381107492 0.07581521739130435 0.06555374592833876
