0 0.5320652173913043 0.6019951140065146 0.06739130434782609 0.0981270358306189
1 0.47255434782608696 0.4989820846905538 0.06576086956521739 0.08835504885993485
0 0.5567934782608696 0.6508550488599348 0.06739130434782609 0.0981270358306189
0 0.5861413043478261 0.7033794788273615 0.06739130434782609 0.0981270358306189
0 0.6127717391304348 0.7506107491856677 0.06739130434782609 0.0981270358306189
0 0.6404891304347826 0.8039495114006515 0.06739130434782609 0.0981270358306189
0 0.6698369565217391 0.8528094462540716 0.06739130434782609 0.0981270358306189
0 0.7269021739130435 0.9566368078175895 0.06521739130434782 0.08672638436482084
0 0.6964673913043479 0.9061482084690554 0.06739130434782609 0.0981270358306189
0 0.4440217391304348 0.441571661237785 0.06739130434782609 0.0981270358306189
0 0.41793478260869565 0.3955618892508143 0.06739130434782609 0.0981270358306189
0 0.39293478260869563 0.34548045602605865 0.06739130434782609 0.0981270358306189
0 0.36168478260869563 0.2876628664495114 0.06739130434782609 0.0981270358306189
0 0.33152173913043476 0.24328175895765472 0.06739130434782609 0.0981270358306189
0 0.30434782608695654 0.1895358306188925 0.06739130434782609 0.0981270358306189
0 0.2758152173913043 0.1374185667752443 0.06739130434782609 0.0981270358306189
0 0.2497282608695652 0.08041530944625407 0.06739130434782609 0.0981270358306189
0 0.22078804347826086 0.035627035830618894 0.0654891304347826 0.07125407166123779
