0 0.4800271739130435 0.5840798045602605 0.05298913043478261 0.048452768729641695
1 0.4919836956521739 0.4242671009771987 0.05625 0.04478827361563518
0 0.49592391304347827 0.34263029315960913 0.05326086956521739 0.05171009771986971
0 0.49266304347826084 0.38416123778501626 0.05326086956521739 0.05171009771986971
0 0.48885869565217394 0.46986970684039087 0.05217391304347826 0.04723127035830619
0 0.4855978260869565 0.5061074918566775 0.05217391304347826 0.04723127035830619
0 0.48179347826086955 0.5460097719869706 0.05217391304347826 0.04723127035830619
0 0.47907608695652176 0.625814332247557 0.05217391304347826 0.04723127035830619
0 0.47581521739130433 0.6665309446254072 0.05217391304347826 0.04723127035830619
0 0.4720108695652174 0.7052117263843648 0.05217391304347826 0.04723127035830619
0 0.47119565217391307 0.7430781758957655 0.05217391304347826 0.04723127035830619
0 0.4668478260869565 0.7837947882736156 0.05217391304347826 0.04723127035830619
