0 0.6327445652173913 0.370114006514658 0.05516304347826087 0.06840390879478828
1 0.5682065217391304 0.49328175895765475 0.04891304347826087 0.056596091205211724
0 0.7979619565217392 0.030537459283387622 0.05625 0.061074918566775244
0 0.778125 0.07206840390879479 0.05625 0.061074918566775244
0 0.7572010869565218 0.11848534201954397 0.05625 0.061074918566775244
0 0.7362771739130435 0.15757328990228012 0.05625 0.06514657980456026
0 0.7148097826086957 0.2007328990228013 0.05625 0.06514657980456026
0 0.7120923913043479 0.20480456026058633 0.05625 0.06514657980456026
0 0.6745923913043478 0.28623778501628666 0.05625 0.06514657980456026
0 0.6555706521739131 0.3302117263843648 0.05625 0.06514657980456026
0 0.613179347826087 0.4157166123778502 0.05625 0.06514657980456026
0 0.5921195652173913 0.4576547231270358 0.05434782608695652 0.059446254071661236
0 0.549320652173913 0.5456026058631922 0.05625 0.06514657980456026
0 0.5289402173913044 0.5842833876221498 0.05625 0.06514657980456026
0 0.5104619565217391 0.628257328990228 0.05625 0.06514657980456026
