0 0.6293532338308457 0.48525280898876405 0.11878109452736318 0.2794943820224719
1 0.5261194029850746 0.5674157303370787 0.1044776119402985 0.299625468164794
0 0.267568407960199 0.74812734082397 0.17444029850746268 0.28651685393258425
0 0.2644589552238806 0.7434456928838952 0.17444029850746268 0.28651685393258425
0 0.37919776119402987 0.6544943820224719 0.17444029850746268 0.28651685393258425
0 0.4314365671641791 0.6058052434456929 0.17444029850746268 0.28651685393258425
0 0.6010572139303483 0.5395599250936329 0.06343283582089553 0.25234082397003743
0 0.6705534825870647 0.44499063670411987 0.15143034825870647 0.28230337078651685
0 0.6674440298507462 0.44030898876404495 0.15143034825870647 0.28230337078651685
0 0.7756529850746269 0.3738295880149813 0.15143034825870647 0.28230337078651685
0 0.8263370646766169 0.3368445692883895 0.15143034825870647 0.28230337078651685
0 0.8791977611940298 0.3059456928838951 0.15143034825870647 0.28230337078651685
0 0.9239738805970149 0.28347378277153557 0.15143034825870647 0.28230337078651685
