0 0.6500310945273632 0.2226123595505618 0.11909203980099503 0.18211610486891386
0 0.6050995024875622 0.27902621722846443 0.11256218905472637 0.1947565543071161
1 0.464863184079602 0.44241573033707865 0.0914179104477612 0.1441947565543071
1 0.3718905472636816 0.5414325842696629 0.09577114427860696 0.1849250936329588
0 0.6937189054726368 0.16666666666666666 0.1150497512437811 0.19101123595505617
0 0.7395833333333334 0.0997191011235955 0.12220149253731344 0.1891385767790262
0 0.5603233830845771 0.3295880149812734 0.11629353233830846 0.1900749063670412
0 0.29384328358208955 0.6446629213483146 0.11380597014925373 0.18632958801498128
0 0.2462686567164179 0.6935861423220974 0.11069651741293532 0.18773408239700373
0 0.20677860696517414 0.7375936329588015 0.11069651741293532 0.18773408239700373
0 0.16293532338308458 0.787687265917603 0.11069651741293532 0.18773408239700373
0 0.11691542288557213 0.8368445692883895 0.11069651741293532 0.18773408239700373
0 0.07276119402985075 0.886938202247191 0.11069651741293532 0.18773408239700373
