0 0.6293532338308457 0.5142790262172284 0.11878109452736318 0.2794943820224719
1 0.5261194029850746 0.43211610486891383 0.1044776119402985 0.299625468164794
0 0.267568407960199 0.25140449438202245 0.17444029850746268 0.28651685393258425
0 0.2644589552238806 0.25608614232209737 0.17444029850746268 0.28651685393258425
0 0.37919776119402987 0.3450374531835206 0.17444029850746268 0.28651685393258425
0 0.4314365671641791 0.3937265917602996 0.17444029850746268 0.28651685393258425
0 0.6010572139303483 0.45997191011235955 0.06343283582089553 0.25234082397003743
0 0.6705534825870647 0.5545411985018727 0.15143034825870647 0.28230337078651685
0 0.6674440298507462 0.5592228464419475 0.15143034825870647 0.28230337078651685
0 0.7756529850746269 0.6257022471910112 0.15143034825870647 0.28230337078651685
0 0.8263370646766169 0.662687265917603 0.15143034825870647 0.28230337078651685
0 0.8791977611940298 0.6935861423220974 0.15143034825870647 0.28230337078651685
0 0.9239738805970149 0.716058052434457 0.15143034825870647 0.28230337078651685
