0 0.5926966292134831 0.6683768656716418 0.12640449438202248 0.04322139303482587
1 0.5875468164794008 0.7506218905472637 0.12734082397003746 0.04788557213930348
0 0.5866104868913857 0.7075559701492538 0.12640449438202248 0.04322139303482587
0 0.5833333333333334 0.7997512437810945 0.1254681647940075 0.05845771144278607
0 0.5929307116104869 0.6274875621890548 0.12687265917602997 0.04664179104477612
0 0.5938670411985019 0.587997512437811 0.12687265917602997 0.04664179104477612
0 0.5976123595505618 0.5457089552238806 0.12687265917602997 0.04664179104477612
0 0.5994850187265918 0.5049751243781094 0.12687265917602997 0.04664179104477612
0 0.6055711610486891 0.46548507462686567 0.12687265917602997 0.04664179104477612
0 0.6041666666666666 0.42506218905472637 0.12687265917602997 0.04664179104477612
0 0.6069756554307116 0.38588308457711445 0.12687265917602997 0.04664179104477612
0 0.612125468164794 0.3454601990049751 0.12687265917602997 0.04664179104477612
0 0.6125936329588015 0.3034825870646766 0.12687265917602997 0.04664179104477612
0 0.6125936329588015 0.26616915422885573 0.12687265917602997 0.04664179104477612
0 0.6205524344569289 0.22823383084577115 0.12687265917602997 0.04664179104477612
0 0.6273408239700374 0.19169776119402984 0.12640449438202248 0.05068407960199005
0 0.7397003745318352 0.35323383084577115 0.07116104868913857 0.08208955223880597
0 0.8052434456928839 0.3523009950248756 0.07116104868913857 0.08208955223880597
0 0.8675093632958801 0.3513681592039801 0.07116104868913857 0.08208955223880597
0 0.9241573033707865 0.3516791044776119 0.07116104868913857 0.08208955223880597
0 0.7558520599250936 0.41324626865671643 0.07350187265917603 0.04788557213930348
0 0.7001404494382022 0.4135572139303483 0.07350187265917603 0.04788557213930348
0 0.8204588014981273 0.41324626865671643 0.07350187265917603 0.04788557213930348
0 0.8813202247191011 0.41262437810945274 0.07350187265917603 0.04788557213930348
0 0.9445224719101124 0.41324626865671643 0.07350187265917603 0.04788557213930348
0 0.9398408239700374 0.410136815920398 0.07350187265917603 0.04788557213930348
