0 0.4282608695652174 0.025447882736156353 0.049456521739130434 0.04763843648208469
1 0.5714673913043479 0.49694625407166126 0.0483695652173913 0.05578175895765472
0 0.43845108695652174 0.057003257328990226 0.050271739130434784 0.05863192182410423
0 0.45067934782608693 0.09690553745928339 0.050271739130434784 0.05863192182410423
0 0.46317934782608694 0.13843648208469056 0.050271739130434784 0.05863192182410423
0 0.4745923913043478 0.1783387622149837 0.050271739130434784 0.05863192182410423
0 0.4879076086956522 0.2182410423452769 0.050271739130434784 0.05863192182410423
0 0.499320652173913 0.25773615635179153 0.050271739130434784 0.05863192182410423
0 0.5115489130434783 0.2956026058631922 0.050271739130434784 0.05863192182410423
0 0.5226902173913044 0.33672638436482083 0.050271739130434784 0.05863192182410423
0 0.5351902173913043 0.376628664495114 0.050271739130434784 0.05863192182410423
0 0.5479619565217392 0.4165309446254072 0.050271739130434784 0.05863192182410423
0 0.559375 0.4543973941368078 0.050271739130434784 0.05863192182410423
0 0.5846467391304347 0.5329804560260586 0.050271739130434784 0.05863192182410423
0 0.5963315217391304 0.5724755700325733 0.050271739130434784 0.05863192182410423
0 0.9706521739130435 0.3536237785016287 0.049456521739130434 0.07695439739413681
0 0.9824728260869565 0.3350977198697068 0.035054347826086955 0.0749185667752443
0 0.9516304347826087 0.36868892508143325 0.049456521739130434 0.07695439739413681
0 0.933695652173913 0.38619706840390877 0.049456521739130434 0.07695439739413681
0 0.9157608695652174 0.40207654723127034 0.049456521739130434 0.07695439739413681
0 0.8978260869565218 0.4191775244299674 0.049456521739130434 0.07695439739413681
0 0.8807065217391304 0.4346498371335505 0.049456521739130434 0.07695439739413681
0 0.8630434782608696 0.45175081433224756 0.049456521739130434 0.07695439739413681
0 0.846195652173913 0.46722312703583063 0.049456521739130434 0.07695439739413681
0 0.9184782608695652 0.40614820846905536 0.049456521739130434 0.07695439739413681
0 0.8269021739130434 0.4826954397394137 0.049456521739130434 0.07695439739413681
0 0.8095108695652173 0.4989820846905538 0.049456521739130434 0.07695439739413681
0 0.7929347826086957 0.5152687296416938 0.049456521739130434 0.07695439739413681
0 0.7782608695652173 0.5291123778501629 0.049456521739130434 0.07695439739413681
0 0.7578804347826087 0.5441775244299675 0.049456521739130434 0.07695439739413681
0 0.741304347826087 0.560057003257329 0.049456521739130434 0.07695439739413681
0 0.7255434782608695 0.573086319218241 0.049456521739130434 0.07695439739413681
0 0.7070652173913043 0.5885586319218241 0.049456521739130434 0.07695439739413681
0 0.6902173913043478 0.6032166123778502 0.049456521739130434 0.07695439739413681
0 0.6728260869565217 0.6170602605863192 0.049456521739130434 0.07695439739413681
0 0.8489130434782609 0.47129478827361565 0.049456521739130434 0.07695439739413681
