0 0.35498188405797104 0.4650815217391304 0.06539855072463768 0.1763586956521739
0 0.45344202898550723 0.47703804347826084 0.06268115942028986 0.17798913043478262
1 0.702536231884058 0.5089673913043479 0.08369565217391305 0.1782608695652174
1 0.6000905797101449 0.5002717391304348 0.06793478260869565 0.18315217391304348
0 0.6555253623188406 0.5065217391304347 0.07192028985507247 0.16956521739130434
0 0.55625 0.49116847826086957 0.0730072463768116 0.17255434782608695
0 0.5031702898550725 0.48654891304347825 0.0730072463768116 0.17255434782608695
0 0.4013586956521739 0.4716032608695652 0.0730072463768116 0.17255434782608695
0 0.3071557971014493 0.46046195652173916 0.0730072463768116 0.17255434782608695
0 0.2520833333333333 0.45095108695652175 0.0730072463768116 0.17255434782608695
0 0.2046195652173913 0.44442934782608695 0.0730072463768116 0.17255434782608695
0 0.15534420289855072 0.43709239130434785 0.0730072463768116 0.17255434782608695
0 0.09972826086956521 0.4313858695652174 0.0730072463768116 0.17255434782608695
