0 0.35498188405797104 0.5346467391304348 0.06539855072463768 0.1763586956521739
0 0.45344202898550723 0.5226902173913044 0.06268115942028986 0.17798913043478262
1 0.702536231884058 0.4907608695652174 0.08369565217391305 0.1782608695652174
1 0.6000905797101449 0.4994565217391304 0.06793478260869565 0.18315217391304348
0 0.6555253623188406 0.49320652173913043 0.07192028985507247 0.16956521739130434
0 0.55625 0.5085597826086956 0.0730072463768116 0.17255434782608695
0 0.5031702898550725 0.513179347826087 0.0730072463768116 0.17255434782608695
0 0.4013586956521739 0.528125 0.0730072463768116 0.17255434782608695
0 0.3071557971014493 0.5392663043478261 0.0730072463768116 0.17255434782608695
0 0.2520833333333333 0.5487771739130435 0.0730072463768116 0.17255434782608695
0 0.2046195652173913 0.5552989130434782 0.0730072463768116 0.17255434782608695
0 0.15534420289855072 0.5626358695652174 0.0730072463768116 0.17255434782608695
0 0.09972826086956521 0.5683423913043478 0.0730072463768116 0.17255434782608695
