0 0.48342391304347826 0.7414495114006515 0.08804347826086957 0.07980456026058631
1 0.484375 0.44747557003257327 0.08614130434782609 0.07084690553745929
0 0.4783967391304348 0.9647801302931596 0.08831521739130435 0.06962540716612378
0 0.4811141304347826 0.8894543973941368 0.08831521739130435 0.06962540716612378
0 0.48165760869565216 0.814128664495114 0.08831521739130435 0.06962540716612378
0 0.48165760869565216 0.6622557003257329 0.08831521739130435 0.06962540716612378
0 0.4827445652173913 0.5926302931596091 0.08831521739130435 0.06962540716612378
0 0.4849184782608696 0.5173045602605864 0.08831521739130435 0.06962540716612378
0 0.485054347826087 0.375814332247557 0.09130434782608696 0.0781758957654723
0 0.48777173913043476 0.30537459283387625 0.09130434782608696 0.0781758957654723
0 0.48695652173913045 0.23330618892508143 0.09130434782608696 0.0781758957654723
0 0.485054347826087 0.16653094462540716 0.09130434782608696 0.0781758957654723
