0 0.5353260869565217 0.2756514657980456 0.07771739130434782 0.07003257328990228
0 0.5346467391304348 0.6683631921824105 0.0779891304347826 0.06636807817589577
0 0.5338315217391304 0.803542345276873 0.0796195652173913 0.06636807817589577
1 0.534375 0.5358306188925082 0.07309782608695652 0.06596091205211727
1 0.5353260869565217 0.47414495114006516 0.07934782608695652 0.06718241042345277
1 0.5358695652173913 0.40635179153094464 0.0766304347826087 0.06840390879478828
2 0.5341032608695652 0.9474755700325733 0.07907608695652174 0.08794788273615635
0 0.5341032608695652 0.7351384364820847 0.0796195652173913 0.06636807817589577
0 0.5379076086956521 0.8723534201954397 0.0796195652173913 0.06636807817589577
0 0.5351902173913043 0.6003664495114006 0.0796195652173913 0.06636807817589577
0 0.5369565217391304 0.33916938110749184 0.07880434782608696 0.06026058631921824
0 0.534375 0.21294788273615636 0.07853260869565218 0.06514657980456026
0 0.5354619565217391 0.1490228013029316 0.07853260869565218 0.06270358306188925
