0 0.6448369565217391 0.5346467391304348 0.06539855072463768 0.1763586956521739
0 0.5463768115942029 0.5226902173913044 0.06268115942028986 0.17798913043478262
1 0.29728260869565215 0.4907608695652174 0.08369565217391305 0.1782608695652174
1 0.3997282608695652 0.4994565217391304 0.06793478260869565 0.18315217391304348
0 0.3442934782608696 0.49320652173913043 0.07192028985507247 0.16956521739130434
0 0.44356884057971013 0.5085597826086956 0.0730072463768116 0.17255434782608695
0 0.4966485507246377 0.513179347826087 0.0730072463768116 0.17255434782608695
0 0.5984601449275362 0.528125 0.0730072463768116 0.17255434782608695
0 0.6926630434782609 0.5392663043478261 0.0730072463768116 0.17255434782608695
0 0.7477355072463768 0.5487771739130435 0.0730072463768116 0.17255434782608695
0 0.7951992753623188 0.5552989130434782 0.0730072463768116 0.17255434782608695
0 0.8444746376811594 0.5626358695652174 0.0730072463768116 0.17255434782608695
0 0.900090579710145 0.5683423913043478 0.0730072463768116 0.17255434782608695
