0 0.5055706521739131 0.18688925081433225 0.0796195652173913 0.06270358306188925
0 0.5059782608695652 0.32206840390879476 0.08043478260869565 0.07573289902280131
0 0.5043478260869565 0.4566368078175896 0.07717391304347826 0.07206840390879479
1 0.5050271739130435 0.5926302931596091 0.07853260869565218 0.07532573289902281
2 0.5035326086956522 0.7353420195439739 0.07989130434782608 0.08061889250814332
0 0.5027173913043478 0.5270765472312704 0.07717391304347826 0.07206840390879479
0 0.5046195652173913 0.6589983713355049 0.07717391304347826 0.07206840390879479
0 0.5059782608695652 0.3890472312703583 0.07717391304347826 0.07206840390879479
0 0.5078804347826087 0.25346091205211724 0.07717391304347826 0.07206840390879479
0 0.5073369565217392 0.11868892508143322 0.07717391304347826 0.07206840390879479
0 0.5081521739130435 0.05028501628664495 0.07717391304347826 0.07206840390879479
