0 0.48342391304347826 0.25814332247557004 0.08804347826086957 0.07980456026058631
1 0.484375 0.5521172638436482 0.08614130434782609 0.07084690553745929
0 0.4783967391304348 0.03481270358306189 0.08831521739130435 0.06962540716612378
0 0.4811141304347826 0.11013843648208468 0.08831521739130435 0.06962540716612378
0 0.48165760869565216 0.1854641693811075 0.08831521739130435 0.06962540716612378
0 0.48165760869565216 0.3373371335504886 0.08831521739130435 0.06962540716612378
0 0.4827445652173913 0.40696254071661236 0.08831521739130435 0.06962540716612378
0 0.4849184782608696 0.4822882736156352 0.08831521739130435 0.06962540716612378
0 0.485054347826087 0.6237785016286646 0.09130434782608696 0.0781758957654723
0 0.48777173913043476 0.6942182410423453 0.09130434782608696 0.0781758957654723
0 0.48695652173913045 0.7662866449511401 0.09130434782608696 0.0781758957654723
0 0.485054347826087 0.8330618892508144 0.09130434782608696 0.0781758957654723
