0 0.4941576086956522 0.8127035830618893 0.0796195652173913 0.06270358306188925
0 0.49375 0.6775244299674267 0.08043478260869565 0.07573289902280131
0 0.4953804347826087 0.5429560260586319 0.07717391304347826 0.07206840390879479
1 0.49470108695652176 0.40696254071661236 0.07853260869565218 0.07532573289902281
2 0.49619565217391304 0.26425081433224756 0.07989130434782608 0.08061889250814332
0 0.4970108695652174 0.47251628664495116 0.07717391304347826 0.07206840390879479
0 0.4951086956521739 0.3405944625407166 0.07717391304347826 0.07206840390879479
0 0.49375 0.6105456026058632 0.07717391304347826 0.07206840390879479
0 0.49184782608695654 0.7461319218241043 0.07717391304347826 0.07206840390879479
0 0.4923913043478261 0.8809039087947883 0.07717391304347826 0.07206840390879479
0 0.4915760869565217 0.9493078175895765 0.07717391304347826 0.07206840390879479
