0 0.5163043478260869 0.25814332247557004 0.08804347826086957 0.07980456026058631
1 0.5153532608695652 0.5521172638436482 0.08614130434782609 0.07084690553745929
0 0.5213315217391304 0.03481270358306189 0.08831521739130435 0.06962540716612378
0 0.5186141304347827 0.11013843648208468 0.08831521739130435 0.06962540716612378
0 0.518070652173913 0.1854641693811075 0.08831521739130435 0.06962540716612378
0 0.518070652173913 0.3373371335504886 0.08831521739130435 0.06962540716612378
0 0.516983695652174 0.40696254071661236 0.08831521739130435 0.06962540716612378
0 0.5148097826086957 0.4822882736156352 0.08831521739130435 0.06962540716612378
0 0.5146739130434783 0.6237785016286646 0.09130434782608696 0.0781758957654723
0 0.5119565217391304 0.6942182410423453 0.09130434782608696 0.0781758957654723
0 0.5127717391304348 0.7662866449511401 0.09130434782608696 0.0781758957654723
0 0.5146739130434783 0.8330618892508144 0.09130434782608696 0.0781758957654723
