0 0.5222826086956521 0.6028094462540716 0.10380434782608695 0.07695439739413681
1 0.5195652173913043 0.4491042345276873 0.10217391304347827 0.08143322475570032
0 0.516983695652174 0.3739820846905538 0.10516304347826087 0.08428338762214983
0 0.5220108695652174 0.5258550488599348 0.10380434782608695 0.07695439739413681
0 0.5277173913043478 0.8287866449511401 0.10326086956521739 0.08509771986970684
0 0.5214673913043478 0.6767100977198697 0.10163043478260869 0.08224755700325732
0 0.5258152173913043 0.753257328990228 0.10163043478260869 0.08224755700325732
0 0.5150815217391305 0.29784201954397393 0.10516304347826087 0.08428338762214983
0 0.5148097826086957 0.22088762214983712 0.10516304347826087 0.08428338762214983
0 0.5137228260869565 0.1390472312703583 0.10570652173913044 0.08184039087947882
2 0.5099184782608696 0.05964983713355049 0.10353260869565217 0.08184039087947882
