0 0.4941576086956522 0.18688925081433225 0.0796195652173913 0.06270358306188925
0 0.49375 0.32206840390879476 0.08043478260869565 0.07573289902280131
0 0.4953804347826087 0.4566368078175896 0.07717391304347826 0.07206840390879479
1 0.49470108695652176 0.5926302931596091 0.07853260869565218 0.07532573289902281
2 0.49619565217391304 0.7353420195439739 0.07989130434782608 0.08061889250814332
0 0.4970108695652174 0.5270765472312704 0.07717391304347826 0.07206840390879479
0 0.4951086956521739 0.6589983713355049 0.07717391304347826 0.07206840390879479
0 0.49375 0.3890472312703583 0.07717391304347826 0.07206840390879479
0 0.49184782608695654 0.25346091205211724 0.07717391304347826 0.07206840390879479
0 0.4923913043478261 0.11868892508143322 0.07717391304347826 0.07206840390879479
0 0.4915760869565217 0.05028501628664495 0.07717391304347826 0.07206840390879479
