0 0.47744565217391305 0.6028094462540716 0.10380434782608695 0.07695439739413681
1 0.4801630434782609 0.4491042345276873 0.10217391304347827 0.08143322475570032
0 0.4827445652173913 0.3739820846905538 0.10516304347826087 0.08428338762214983
0 0.4777173913043478 0.5258550488599348 0.10380434782608695 0.07695439739413681
0 0.4720108695652174 0.8287866449511401 0.10326086956521739 0.08509771986970684
0 0.4782608695652174 0.6767100977198697 0.10163043478260869 0.08224755700325732
0 0.47391304347826085 0.753257328990228 0.10163043478260869 0.08224755700325732
0 0.48464673913043477 0.29784201954397393 0.10516304347826087 0.08428338762214983
0 0.4849184782608696 0.22088762214983712 0.10516304347826087 0.08428338762214983
0 0.4860054347826087 0.1390472312703583 0.10570652173913044 0.08184039087947882
2 0.4898097826086957 0.05964983713355049 0.10353260869565217 0.08184039087947882
