0 0.5055706521739131 0.8127035830618893 0.0796195652173913 0.06270358306188925
0 0.5059782608695652 0.6775244299674267 0.08043478260869565 0.07573289902280131
0 0.5043478260869565 0.5429560260586319 0.07717391304347826 0.07206840390879479
1 0.5050271739130435 0.40696254071661236 0.07853260869565218 0.07532573289902281
2 0.5035326086956522 0.26425081433224756 0.07989130434782608 0.08061889250814332
0 0.5027173913043478 0.47251628664495116 0.07717391304347826 0.07206840390879479
0 0.5046195652173913 0.3405944625407166 0.07717391304347826 0.07206840390879479
0 0.5059782608695652 0.6105456026058632 0.07717391304347826 0.07206840390879479
0 0.5078804347826087 0.7461319218241043 0.07717391304347826 0.07206840390879479
0 0.5073369565217392 0.8809039087947883 0.07717391304347826 0.07206840390879479
0 0.5081521739130435 0.9493078175895765 0.07717391304347826 0.07206840390879479
