0 0.47744565217391305 0.3967833876221498 0.10380434782608695 0.07695439739413681
1 0.4801630434782609 0.5504885993485342 0.10217391304347827 0.08143322475570032
0 0.4827445652173913 0.6256107491856677 0.10516304347826087 0.08428338762214983
0 0.4777173913043478 0.47373778501628666 0.10380434782608695 0.07695439739413681
0 0.4720108695652174 0.17080618892508143 0.10326086956521739 0.08509771986970684
0 0.4782608695652174 0.32288273615635177 0.10163043478260869 0.08224755700325732
0 0.47391304347826085 0.24633550488599348 0.10163043478260869 0.08224755700325732
0 0.48464673913043477 0.7017508143322475 0.10516304347826087 0.08428338762214983
0 0.4849184782608696 0.7787052117263844 0.10516304347826087 0.08428338762214983
0 0.4860054347826087 0.8605456026058632 0.10570652173913044 0.08184039087947882
2 0.4898097826086957 0.939942996742671 0.10353260869565217 0.08184039087947882
