0 0.4644021739130435 0.7239413680781759 0.07771739130434782 0.07003257328990228
0 0.4650815217391304 0.3312296416938111 0.0779891304347826 0.06636807817589577
0 0.4658967391304348 0.19605048859934854 0.0796195652173913 0.06636807817589577
1 0.46535326086956524 0.46376221498371334 0.07309782608695652 0.06596091205211727
1 0.4644021739130435 0.5254478827361564 0.07934782608695652 0.06718241042345277
1 0.4638586956521739 0.5932410423452769 0.0766304347826087 0.06840390879478828
2 0.465625 0.05211726384364821 0.07907608695652174 0.08794788273615635
0 0.465625 0.2644543973941368 0.0796195652173913 0.06636807817589577
0 0.46182065217391305 0.12723941368078176 0.0796195652173913 0.06636807817589577
0 0.4645380434782609 0.39922638436482083 0.0796195652173913 0.06636807817589577
0 0.4627717391304348 0.6604234527687296 0.07880434782608696 0.06026058631921824
0 0.46535326086956524 0.7866449511400652 0.07853260869565218 0.06514657980456026
0 0.46426630434782606 0.8505700325732899 0.07853260869565218 0.06270358306188925
