0 0.6448369565217391 0.4650815217391304 0.06539855072463768 0.1763586956521739
0 0.5463768115942029 0.47703804347826084 0.06268115942028986 0.17798913043478262
1 0.29728260869565215 0.5089673913043479 0.08369565217391305 0.1782608695652174
1 0.3997282608695652 0.5002717391304348 0.06793478260869565 0.18315217391304348
0 0.3442934782608696 0.5065217391304347 0.07192028985507247 0.16956521739130434
0 0.44356884057971013 0.49116847826086957 0.0730072463768116 0.17255434782608695
0 0.4966485507246377 0.48654891304347825 0.0730072463768116 0.17255434782608695
0 0.5984601449275362 0.4716032608695652 0.0730072463768116 0.17255434782608695
0 0.6926630434782609 0.46046195652173916 0.0730072463768116 0.17255434782608695
0 0.7477355072463768 0.45095108695652175 0.0730072463768116 0.17255434782608695
0 0.7951992753623188 0.44442934782608695 0.0730072463768116 0.17255434782608695
0 0.8444746376811594 0.43709239130434785 0.0730072463768116 0.17255434782608695
0 0.900090579710145 0.4313858695652174 0.0730072463768116 0.17255434782608695
