0 0.5163043478260869 0.7414495114006515 0.08804347826086957 0.07980456026058631
1 0.5153532608695652 0.44747557003257327 0.08614130434782609 0.07084690553745929
0 0.5213315217391304 0.9647801302931596 0.08831521739130435 0.06962540716612378
0 0.5186141304347827 0.8894543973941368 0.08831521739130435 0.06962540716612378
0 0.518070652173913 0.814128664495114 0.08831521739130435 0.06962540716612378
0 0.518070652173913 0.6622557003257329 0.08831521739130435 0.06962540716612378
0 0.516983695652174 0.5926302931596091 0.08831521739130435 0.06962540716612378
0 0.5148097826086957 0.5173045602605864 0.08831521739130435 0.06962540716612378
0 0.5146739130434783 0.375814332247557 0.09130434782608696 0.0781758957654723
0 0.5119565217391304 0.30537459283387625 0.09130434782608696 0.0781758957654723
0 0.5127717391304348 0.23330618892508143 0.09130434782608696 0.0781758957654723
0 0.5146739130434783 0.16653094462540716 0.09130434782608696 0.0781758957654723
