0 0.5353260869565217 0.7239413680781759 0.07771739130434782 0.07003257328990228
0 0.5346467391304348 0.3312296416938111 0.0779891304347826 0.06636807817589577
0 0.5338315217391304 0.19605048859934854 0.0796195652173913 0.06636807817589577
1 0.534375 0.46376221498371334 0.07309782608695652 0.06596091205211727
1 0.5353260869565217 0.5254478827361564 0.07934782608695652 0.06718241042345277
1 0.5358695652173913 0.5932410423452769 0.0766304347826087 0.06840390879478828
2 0.5341032608695652 0.05211726384364821 0.07907608695652174 0.08794788273615635
0 0.5341032608695652 0.2644543973941368 0.0796195652173913 0.06636807817589577
0 0.5379076086956521 0.12723941368078176 0.0796195652173913 0.06636807817589577
0 0.5351902173913043 0.39922638436482083 0.0796195652173913 0.06636807817589577
0 0.5369565217391304 0.6604234527687296 0.07880434782608696 0.06026058631921824
0 0.534375 0.7866449511400652 0.07853260869565218 0.06514657980456026
0 0.5354619565217391 0.8505700325732899 0.07853260869565218 0.06270358306188925
