0 0.2811594202898551 0.3846467391304348 0.09057971014492754 0.25625
0 0.8218297101449276 0.3811141304347826 0.0943840579710145 0.26603260869565215
1 0.6458333333333334 0.3918478260869565 0.08043478260869565 0.26467391304347826
1 0.4557971014492754 0.3845108695652174 0.08876811594202899 0.275
0 0.028713768115942027 0.3826086956521739 0.057427536231884055 0.2565217391304348
0 0.10181159420289855 0.38355978260869567 0.09057971014492754 0.25625
0 0.18967391304347825 0.38355978260869567 0.09057971014492754 0.25625
0 0.3661231884057971 0.384375 0.09057971014492754 0.25625
0 0.5485507246376812 0.3841032608695652 0.09057971014492754 0.25625
0 0.7286231884057971 0.3830163043478261 0.09057971014492754 0.25625
0 0.9176630434782609 0.37758152173913045 0.0943840579710145 0.26603260869565215
0 0.9826086956521739 0.3755434782608696 0.034782608695652174 0.266304347826087
