0 0.16168478260869565 0.16684782608695653 0.08496376811594203 0.1793478260869565
0 0.2177536231884058 0.21019021739130433 0.08695652173913043 0.1763586956521739
1 0.33070652173913045 0.3035326086956522 0.08134057971014493 0.18315217391304348
1 0.4884963768115942 0.4421195652173913 0.09257246376811594 0.18315217391304348
1 0.5426630434782609 0.49470108695652176 0.08858695652173913 0.1763586956521739
1 0.5977355072463768 0.5411684782608696 0.08315217391304348 0.18233695652173912
0 0.6499094202898551 0.589945652173913 0.08894927536231884 0.16956521739130434
0 0.44365942028985506 0.3907608695652174 0.10398550724637681 0.16793478260869565
0 0.3884057971014493 0.3426630434782609 0.10398550724637681 0.16793478260869565
0 0.2777173913043478 0.25516304347826085 0.10398550724637681 0.16793478260869565
0 0.27952898550724636 0.25244565217391307 0.10398550724637681 0.16793478260869565
0 0.059057971014492755 0.08845108695652174 0.09963768115942029 0.17690217391304347
