0 0.16168478260869565 0.8328804347826086 0.08496376811594203 0.1793478260869565
0 0.2177536231884058 0.7895380434782608 0.08695652173913043 0.1763586956521739
1 0.33070652173913045 0.696195652173913 0.08134057971014493 0.18315217391304348
1 0.4884963768115942 0.5576086956521739 0.09257246376811594 0.18315217391304348
1 0.5426630434782609 0.5050271739130435 0.08858695652173913 0.1763586956521739
1 0.5977355072463768 0.4585597826086957 0.08315217391304348 0.18233695652173912
0 0.6499094202898551 0.4097826086956522 0.08894927536231884 0.16956521739130434
0 0.44365942028985506 0.6089673913043478 0.10398550724637681 0.16793478260869565
0 0.3884057971014493 0.6570652173913043 0.10398550724637681 0.16793478260869565
0 0.2777173913043478 0.7445652173913043 0.10398550724637681 0.16793478260869565
0 0.27952898550724636 0.7472826086956522 0.10398550724637681 0.16793478260869565
0 0.059057971014492755 0.9115489130434783 0.09963768115942029 0.17690217391304347
