0 0.5122282608695652 0.6535326086956522 0.1371376811594203 0.12880434782608696
1 0.4872282608695652 0.45271739130434785 0.12916666666666668 0.125
0 0.4421195652173913 0.06440217391304348 0.1371376811594203 0.12880434782608696
0 0.4538949275362319 0.16277173913043477 0.1371376811594203 0.12880434782608696
0 0.46458333333333335 0.2595108695652174 0.1371376811594203 0.12880434782608696
0 0.4776268115942029 0.3546195652173913 0.1371376811594203 0.12880434782608696
0 0.5008152173913043 0.553804347826087 0.1371376811594203 0.12880434782608696
0 0.5207427536231884 0.7497282608695652 0.1371376811594203 0.12880434782608696
0 0.5314311594202898 0.8429347826086957 0.1371376811594203 0.12880434782608696
0 0.5479166666666667 0.9355978260869565 0.1371376811594203 0.12880434782608696
