0 0.6564311594202898 0.28804347826086957 0.1269927536231884 0.16793478260869565
1 0.5063405797101449 0.5495923913043478 0.08768115942028985 0.12635869565217392
0 0.7078804347826086 0.18559782608695652 0.1269927536231884 0.16793478260869565
0 0.7633152173913044 0.08722826086956521 0.1269927536231884 0.16793478260869565
0 0.6053442028985507 0.38532608695652176 0.1269927536231884 0.16793478260869565
0 0.5545289855072464 0.46915760869565215 0.11630434782608695 0.15516304347826088
0 0.27653985507246376 0.6889945652173913 0.09909420289855073 0.21983695652173912
0 0.20842391304347826 0.6577445652173913 0.09909420289855073 0.21983695652173912
0 0.13867753623188406 0.6264945652173913 0.09909420289855073 0.21983695652173912
0 0.07690217391304348 0.5919836956521739 0.09909420289855073 0.21983695652173912
0 0.03097826086956522 0.5501358695652174 0.06195652173913044 0.2154891304347826
