0 0.4875905797101449 0.34619565217391307 0.1371376811594203 0.12880434782608696
1 0.5125905797101449 0.5470108695652174 0.12916666666666668 0.125
0 0.5576992753623189 0.9353260869565218 0.1371376811594203 0.12880434782608696
0 0.5459239130434783 0.8369565217391305 0.1371376811594203 0.12880434782608696
0 0.5352355072463768 0.7402173913043478 0.1371376811594203 0.12880434782608696
0 0.5221920289855072 0.6451086956521739 0.1371376811594203 0.12880434782608696
0 0.4990036231884058 0.4459239130434783 0.1371376811594203 0.12880434782608696
0 0.47907608695652176 0.25 0.1371376811594203 0.12880434782608696
0 0.4683876811594203 0.15679347826086956 0.1371376811594203 0.12880434782608696
0 0.4519021739130435 0.06440217391304348 0.1371376811594203 0.12880434782608696
