0 0.7186594202898551 0.6150815217391304 0.09057971014492754 0.25625
0 0.17798913043478262 0.6186141304347826 0.0943840579710145 0.26603260869565215
1 0.3539855072463768 0.6078804347826087 0.08043478260869565 0.26467391304347826
1 0.5440217391304348 0.6152173913043478 0.08876811594202899 0.275
0 0.9711050724637681 0.6171195652173913 0.057427536231884055 0.2565217391304348
0 0.8980072463768116 0.6161684782608695 0.09057971014492754 0.25625
0 0.8101449275362319 0.6161684782608695 0.09057971014492754 0.25625
0 0.633695652173913 0.6153532608695652 0.09057971014492754 0.25625
0 0.451268115942029 0.615625 0.09057971014492754 0.25625
0 0.27119565217391306 0.6167119565217392 0.09057971014492754 0.25625
0 0.08215579710144928 0.6221467391304348 0.0943840579710145 0.26603260869565215
0 0.017391304347826087 0.6241847826086957 0.034782608695652174 0.266304347826087
