0 0.4875905797101449 0.6535326086956522 0.1371376811594203 0.12880434782608696
1 0.5125905797101449 0.45271739130434785 0.12916666666666668 0.125
0 0.5576992753623189 0.06440217391304348 0.1371376811594203 0.12880434782608696
0 0.5459239130434783 0.16277173913043477 0.1371376811594203 0.12880434782608696
0 0.5352355072463768 0.2595108695652174 0.1371376811594203 0.12880434782608696
0 0.5221920289855072 0.3546195652173913 0.1371376811594203 0.12880434782608696
0 0.4990036231884058 0.553804347826087 0.1371376811594203 0.12880434782608696
0 0.47907608695652176 0.7497282608695652 0.1371376811594203 0.12880434782608696
0 0.4683876811594203 0.8429347826086957 0.1371376811594203 0.12880434782608696
0 0.4519021739130435 0.9355978260869565 0.1371376811594203 0.12880434782608696
