0 0.3433876811594203 0.7116847826086956 0.1269927536231884 0.16793478260869565
1 0.4934782608695652 0.4501358695652174 0.08768115942028985 0.12635869565217392
0 0.29193840579710145 0.8141304347826087 0.1269927536231884 0.16793478260869565
0 0.2365036231884058 0.9125 0.1269927536231884 0.16793478260869565
0 0.3944746376811594 0.6144021739130435 0.1269927536231884 0.16793478260869565
0 0.44528985507246377 0.5305706521739131 0.11630434782608695 0.15516304347826088
0 0.7232789855072463 0.3107336956521739 0.09909420289855073 0.21983695652173912
0 0.7913949275362319 0.3419836956521739 0.09909420289855073 0.21983695652173912
0 0.8611413043478261 0.3732336956521739 0.09909420289855073 0.21983695652173912
0 0.9229166666666667 0.40774456521739133 0.09909420289855073 0.21983695652173912
0 0.9690217391304348 0.4495923913043478 0.06195652173913044 0.2154891304347826
