0 0.2811594202898551 0.6150815217391304 0.09057971014492754 0.25625
0 0.8218297101449276 0.6186141304347826 0.0943840579710145 0.26603260869565215
1 0.6458333333333334 0.6078804347826087 0.08043478260869565 0.26467391304347826
1 0.4557971014492754 0.6152173913043478 0.08876811594202899 0.275
0 0.028713768115942027 0.6171195652173913 0.057427536231884055 0.2565217391304348
0 0.10181159420289855 0.6161684782608695 0.09057971014492754 0.25625
0 0.18967391304347825 0.6161684782608695 0.09057971014492754 0.25625
0 0.3661231884057971 0.6153532608695652 0.09057971014492754 0.25625
0 0.5485507246376812 0.615625 0.09057971014492754 0.25625
0 0.7286231884057971 0.6167119565217392 0.09057971014492754 0.25625
0 0.9176630434782609 0.6221467391304348 0.0943840579710145 0.26603260869565215
0 0.9826086956521739 0.6241847826086957 0.034782608695652174 0.266304347826087
