0 0.5122282608695652 0.34619565217391307 0.1371376811594203 0.12880434782608696
1 0.4872282608695652 0.5470108695652174 0.12916666666666668 0.125
0 0.4421195652173913 0.9353260869565218 0.1371376811594203 0.12880434782608696
0 0.4538949275362319 0.8369565217391305 0.1371376811594203 0.12880434782608696
0 0.46458333333333335 0.7402173913043478 0.1371376811594203 0.12880434782608696
0 0.4776268115942029 0.6451086956521739 0.1371376811594203 0.12880434782608696
0 0.5008152173913043 0.4459239130434783 0.1371376811594203 0.12880434782608696
0 0.5207427536231884 0.25 0.1371376811594203 0.12880434782608696
0 0.5314311594202898 0.15679347826086956 0.1371376811594203 0.12880434782608696
0 0.5479166666666667 0.06440217391304348 0.1371376811594203 0.12880434782608696
