0 0.5140398550724637 0.5675271739130435 0.07192028985507247 0.05733695652173913
0 0.5140398550724637 0.4561141304347826 0.07192028985507247 0.058967391304347826
1 0.516213768115942 0.28994565217391305 0.0802536231884058 0.057608695652173914
2 0.516213768115942 0.16304347826086957 0.07807971014492754 0.08478260869565217
0 0.5154891304347826 0.2294836956521739 0.0766304347826087 0.06222826086956522
0 0.5147644927536232 0.3985054347826087 0.0766304347826087 0.06222826086956522
0 0.5163949275362318 0.5107336956521739 0.0766304347826087 0.06222826086956522
0 0.5151268115942029 0.6213315217391304 0.0766304347826087 0.06222826086956522
0 0.5133152173913044 0.6775815217391304 0.0766304347826087 0.06222826086956522
0 0.5131340579710145 0.733016304347826 0.0766304347826087 0.06222826086956522
0 0.5153079710144928 0.7876358695652174 0.0766304347826087 0.06222826086956522
0 0.5151268115942029 0.8387228260869565 0.0766304347826087 0.06222826086956522
