0 0.503125 0.7231270358306189 0.11766304347826087 0.0993485342019544
0 0.49755434782608693 0.8605456026058632 0.11413043478260869 0.09649837133550489
1 0.524320652173913 0.3994299674267101 0.11548913043478261 0.09201954397394137
1 0.5130434782608696 0.5922231270358306 0.12065217391304348 0.09405537459283388
0 0.5 0.7937703583061889 0.11413043478260869 0.09649837133550489
0 0.508695652173913 0.6581840390879479 0.11413043478260869 0.09649837133550489
0 0.5184782608695652 0.4598941368078176 0.11413043478260869 0.09649837133550489
0 0.49375 0.9393322475570033 0.11956521739130435 0.12052117263843648
0 0.5309782608695652 0.2681188925081433 0.11413043478260869 0.09649837133550489
0 0.535054347826087 0.20297231270358307 0.11413043478260869 0.09649837133550489
0 0.5358695652173913 0.14800488599348535 0.11413043478260869 0.09649837133550489
