0 0.48387681159420287 0.34334239130434785 0.08405797101449275 0.0671195652173913
0 0.502445652173913 0.6262228260869566 0.0802536231884058 0.0671195652173913
1 0.4817028985507246 0.2986413043478261 0.0782608695652174 0.06630434782608696
0 0.5123188405797101 0.7879076086956521 0.08369565217391305 0.08559782608695653
0 0.5091485507246377 0.7275815217391305 0.08423913043478261 0.07038043478260869
0 0.5038949275362319 0.6764945652173913 0.08423913043478261 0.07038043478260869
0 0.4995471014492754 0.5802989130434782 0.0802536231884058 0.0671195652173913
0 0.49375 0.4824728260869565 0.0802536231884058 0.0671195652173913
0 0.4964673913043478 0.5332880434782609 0.0802536231884058 0.0671195652173913
0 0.49067028985507244 0.4338315217391304 0.0802536231884058 0.0671195652173913
0 0.48541666666666666 0.3870923913043478 0.0802536231884058 0.0671195652173913
0 0.47545289855072465 0.20271739130434782 0.07336956521739131 0.06793478260869565
