0 0.5119565217391304 0.3381514657980456 0.0907608695652174 0.06881107491856678
1 0.5097826086956522 0.48534201954397393 0.0907608695652174 0.06840390879478828
0 0.5119565217391304 0.2949918566775244 0.0907608695652174 0.06881107491856678
0 0.5119565217391304 0.2400244299674267 0.0907608695652174 0.06881107491856678
0 0.5084239130434782 0.19686482084690554 0.0907608695652174 0.06881107491856678
0 0.5111413043478261 0.14800488599348535 0.0907608695652174 0.06881107491856678
0 0.5097826086956522 0.09629478827361564 0.0907608695652174 0.06881107491856678
0 0.5114130434782609 0.050692182410423454 0.0907608695652174 0.06881107491856678
0 0.5097826086956522 0.6522801302931596 0.0891304347826087 0.09690553745928339
0 0.5100543478260869 0.5885586319218241 0.0907608695652174 0.0745114006514658
0 0.5105978260869565 0.3882328990228013 0.0907608695652174 0.06881107491856678
