0 0.6566123188405797 0.17730978260869565 0.07554347826086956 0.11059782608695652
0 0.6196557971014492 0.23967391304347826 0.0802536231884058 0.11195652173913044
1 0.45307971014492754 0.5421195652173914 0.08115942028985507 0.11195652173913044
1 0.7245471014492754 0.06779891304347826 0.07880434782608696 0.10244565217391305
1 0.5183876811594202 0.42418478260869563 0.0875 0.10163043478260869
0 0.6881340579710145 0.1248641304347826 0.07807971014492754 0.11114130434782608
0 0.5870471014492754 0.303125 0.07807971014492754 0.11114130434782608
0 0.41875 0.6082880434782608 0.07807971014492754 0.11114130434782608
0 0.38722826086956524 0.6724184782608695 0.07807971014492754 0.11114130434782608
0 0.35280797101449274 0.7294836956521739 0.07807971014492754 0.11114130434782608
0 0.3194746376811594 0.8 0.07916666666666666 0.1125
