0 0.5029891304347827 0.45760869565217394 0.08206521739130435 0.07554347826086956
1 0.5271739130434783 0.17065217391304346 0.08514492753623189 0.09402173913043478
0 0.5242753623188405 0.2440217391304348 0.08043478260869565 0.058695652173913045
0 0.5183876811594202 0.2904891304347826 0.08206521739130435 0.07554347826086956
0 0.5134963768115942 0.35081521739130433 0.08206521739130435 0.07554347826086956
0 0.5086050724637681 0.4027173913043478 0.08206521739130435 0.07554347826086956
0 0.49918478260869564 0.5133152173913044 0.08206521739130435 0.07554347826086956
0 0.49592391304347827 0.5668478260869565 0.08206521739130435 0.07554347826086956
0 0.4897644927536232 0.6222826086956522 0.08206521739130435 0.07554347826086956
0 0.4836050724637681 0.6758152173913043 0.08206521739130435 0.07554347826086956
0 0.478713768115942 0.7293478260869565 0.08206521739130435 0.07554347826086956
0 0.47490942028985506 0.7839673913043478 0.08206521739130435 0.07554347826086956
0 0.4711050724637681 0.8366847826086956 0.08206521739130435 0.07554347826086956
