0 0.5197463768115942 0.2936141304347826 0.07101449275362319 0.06005434782608696
0 0.5114130434782609 0.38532608695652176 0.07101449275362319 0.06141304347826087
1 0.5022644927536232 0.4736413043478261 0.07554347826086956 0.050543478260869565
1 0.48143115942028986 0.7179347826086957 0.07880434782608696 0.05217391304347826
0 0.523731884057971 0.24769021739130434 0.07101449275362319 0.06005434782608696
0 0.5284420289855073 0.19741847826086956 0.07101449275362319 0.06005434782608696
0 0.515036231884058 0.33817934782608694 0.07101449275362319 0.06005434782608696
0 0.4976449275362319 0.5316576086956522 0.07101449275362319 0.06005434782608696
0 0.4882246376811594 0.6224184782608696 0.07101449275362319 0.06005434782608696
0 0.4894927536231884 0.5721467391304348 0.07101449275362319 0.06005434782608696
2 0.4736413043478261 0.7801630434782608 0.07192028985507247 0.07554347826086956
0 0.5057971014492754 0.42459239130434784 0.07101449275362319 0.048641304347826084
