0 0.5197463768115942 0.7061141304347827 0.07101449275362319 0.06005434782608696
0 0.5114130434782609 0.6144021739130435 0.07101449275362319 0.06141304347826087
1 0.5022644927536232 0.5260869565217391 0.07554347826086956 0.050543478260869565
1 0.48143115942028986 0.2817934782608696 0.07880434782608696 0.05217391304347826
0 0.523731884057971 0.7520380434782609 0.07101449275362319 0.06005434782608696
0 0.5284420289855073 0.8023097826086957 0.07101449275362319 0.06005434782608696
0 0.515036231884058 0.6615489130434783 0.07101449275362319 0.06005434782608696
0 0.4976449275362319 0.468070652173913 0.07101449275362319 0.06005434782608696
0 0.4882246376811594 0.37730978260869563 0.07101449275362319 0.06005434782608696
0 0.4894927536231884 0.42758152173913044 0.07101449275362319 0.06005434782608696
2 0.4736413043478261 0.21956521739130436 0.07192028985507247 0.07554347826086956
0 0.5057971014492754 0.5751358695652173 0.07101449275362319 0.048641304347826084
