0 0.48007246376811596 0.2936141304347826 0.07101449275362319 0.06005434782608696
0 0.48840579710144927 0.38532608695652176 0.07101449275362319 0.06141304347826087
1 0.49755434782608693 0.4736413043478261 0.07554347826086956 0.050543478260869565
1 0.5183876811594202 0.7179347826086957 0.07880434782608696 0.05217391304347826
0 0.47608695652173916 0.24769021739130434 0.07101449275362319 0.06005434782608696
0 0.4713768115942029 0.19741847826086956 0.07101449275362319 0.06005434782608696
0 0.48478260869565215 0.33817934782608694 0.07101449275362319 0.06005434782608696
0 0.5021739130434782 0.5316576086956522 0.07101449275362319 0.06005434782608696
0 0.5115942028985507 0.6224184782608696 0.07101449275362319 0.06005434782608696
0 0.5103260869565217 0.5721467391304348 0.07101449275362319 0.06005434782608696
2 0.526177536231884 0.7801630434782608 0.07192028985507247 0.07554347826086956
0 0.4940217391304348 0.42459239130434784 0.07101449275362319 0.048641304347826084
