0 0.5119565217391304 0.6614413680781759 0.0907608695652174 0.06881107491856678
1 0.5097826086956522 0.5142508143322475 0.0907608695652174 0.06840390879478828
0 0.5119565217391304 0.7046009771986971 0.0907608695652174 0.06881107491856678
0 0.5119565217391304 0.7595684039087948 0.0907608695652174 0.06881107491856678
0 0.5084239130434782 0.802728013029316 0.0907608695652174 0.06881107491856678
0 0.5111413043478261 0.8515879478827362 0.0907608695652174 0.06881107491856678
0 0.5097826086956522 0.9032980456026058 0.0907608695652174 0.06881107491856678
0 0.5114130434782609 0.948900651465798 0.0907608695652174 0.06881107491856678
0 0.5097826086956522 0.3473127035830619 0.0891304347826087 0.09690553745928339
0 0.5100543478260869 0.4110342019543974 0.0907608695652174 0.0745114006514658
0 0.5105978260869565 0.6113599348534202 0.0907608695652174 0.06881107491856678
