0 0.6566123188405797 0.8224184782608696 0.07554347826086956 0.11059782608695652
0 0.6196557971014492 0.7600543478260869 0.0802536231884058 0.11195652173913044
1 0.45307971014492754 0.45760869565217394 0.08115942028985507 0.11195652173913044
1 0.7245471014492754 0.9319293478260869 0.07880434782608696 0.10244565217391305
1 0.5183876811594202 0.5755434782608696 0.0875 0.10163043478260869
0 0.6881340579710145 0.8748641304347826 0.07807971014492754 0.11114130434782608
0 0.5870471014492754 0.6966032608695653 0.07807971014492754 0.11114130434782608
0 0.41875 0.39144021739130436 0.07807971014492754 0.11114130434782608
0 0.38722826086956524 0.32730978260869564 0.07807971014492754 0.11114130434782608
0 0.35280797101449274 0.2702445652173913 0.07807971014492754 0.11114130434782608
0 0.3194746376811594 0.19972826086956522 0.07916666666666666 0.1125
