0 0.5159420289855072 0.6563858695652174 0.08405797101449275 0.0671195652173913
0 0.4973731884057971 0.37350543478260867 0.0802536231884058 0.0671195652173913
1 0.5181159420289855 0.7010869565217391 0.0782608695652174 0.06630434782608696
0 0.4875 0.21182065217391305 0.08369565217391305 0.08559782608695653
0 0.49067028985507244 0.2721467391304348 0.08423913043478261 0.07038043478260869
0 0.49592391304347827 0.3232336956521739 0.08423913043478261 0.07038043478260869
0 0.5002717391304348 0.41942934782608693 0.0802536231884058 0.0671195652173913
0 0.5060688405797101 0.5172554347826087 0.0802536231884058 0.0671195652173913
0 0.5033514492753624 0.46644021739130437 0.0802536231884058 0.0671195652173913
0 0.5091485507246377 0.5658967391304348 0.0802536231884058 0.0671195652173913
0 0.5144021739130434 0.6126358695652174 0.0802536231884058 0.0671195652173913
0 0.5243659420289855 0.7970108695652174 0.07336956521739131 0.06793478260869565
