0 0.44565217391304346 0.6461726384364821 0.06576086956521739 0.0496742671009772
0 0.4429347826086957 0.7457247557003257 0.06630434782608696 0.05415309446254072
1 0.4514945652173913 0.311685667752443 0.06385869565217392 0.0492671009771987
2 0.4423913043478261 0.8927117263843648 0.06739130434782609 0.07125407166123779
0 0.4411684782608696 0.8399837133550488 0.06766304347826087 0.04234527687296417
0 0.44307065217391306 0.7966205211726385 0.06603260869565217 0.0492671009771987
0 0.4451086956521739 0.6976791530944625 0.06630434782608696 0.05415309446254072
0 0.44565217391304346 0.5995521172638436 0.06630434782608696 0.05415309446254072
0 0.4472826086956522 0.5506921824104235 0.06630434782608696 0.05415309446254072
0 0.44782608695652176 0.5018322475570033 0.06630434782608696 0.05415309446254072
0 0.4470108695652174 0.45012214983713356 0.06630434782608696 0.05415309446254072
0 0.44918478260869565 0.40451954397394135 0.06630434782608696 0.05415309446254072
0 0.45 0.3548452768729642 0.06576086956521739 0.048452768729641695
