0 0.48577898550724635 0.43220108695652176 0.07192028985507247 0.05733695652173913
0 0.48577898550724635 0.5436141304347826 0.07192028985507247 0.058967391304347826
1 0.4836050724637681 0.7097826086956521 0.0802536231884058 0.057608695652173914
2 0.4836050724637681 0.8366847826086956 0.07807971014492754 0.08478260869565217
0 0.48432971014492754 0.7702445652173913 0.0766304347826087 0.06222826086956522
0 0.485054347826087 0.6012228260869565 0.0766304347826087 0.06222826086956522
0 0.48342391304347826 0.4889945652173913 0.0766304347826087 0.06222826086956522
0 0.48469202898550723 0.37839673913043476 0.0766304347826087 0.06222826086956522
0 0.4865036231884058 0.3221467391304348 0.0766304347826087 0.06222826086956522
0 0.48668478260869563 0.2667119565217391 0.0766304347826087 0.06222826086956522
0 0.4845108695652174 0.21209239130434782 0.0766304347826087 0.06222826086956522
0 0.48469202898550723 0.1610054347826087 0.0766304347826087 0.06222826086956522
