0 0.5540760869565218 0.6461726384364821 0.06576086956521739 0.0496742671009772
0 0.5567934782608696 0.7457247557003257 0.06630434782608696 0.05415309446254072
1 0.548233695652174 0.311685667752443 0.06385869565217392 0.0492671009771987
2 0.5573369565217391 0.8927117263843648 0.06739130434782609 0.07125407166123779
0 0.5585597826086957 0.8399837133550488 0.06766304347826087 0.04234527687296417
0 0.5566576086956522 0.7966205211726385 0.06603260869565217 0.0492671009771987
0 0.5546195652173913 0.6976791530944625 0.06630434782608696 0.05415309446254072
0 0.5540760869565218 0.5995521172638436 0.06630434782608696 0.05415309446254072
0 0.5524456521739131 0.5506921824104235 0.06630434782608696 0.05415309446254072
0 0.5519021739130435 0.5018322475570033 0.06630434782608696 0.05415309446254072
0 0.5527173913043478 0.45012214983713356 0.06630434782608696 0.05415309446254072
0 0.5505434782608696 0.40451954397394135 0.06630434782608696 0.05415309446254072
0 0.5497282608695652 0.3548452768729642 0.06576086956521739 0.048452768729641695
