0 0.17291666666666666 0.7334239130434783 0.049456521739130434 0.11195652173913044
0 0.5127717391304348 0.48342391304347826 0.06068840579710145 0.08260869565217391
1 0.4154891304347826 0.6648097826086956 0.05597826086956522 0.08396739130434783
1 0.2644927536231884 0.766983695652174 0.04057971014492753 0.11820652173913043
0 0.5355978260869565 0.43342391304347827 0.06068840579710145 0.08260869565217391
0 0.5584239130434783 0.3834239130434783 0.06068840579710145 0.08260869565217391
0 0.5805253623188406 0.3394021739130435 0.06068840579710145 0.08260869565217391
0 0.602626811594203 0.2826086956521739 0.06068840579710145 0.08260869565217391
0 0.6247282608695652 0.2361413043478261 0.06068840579710145 0.08260869565217391
0 0.6468297101449275 0.18532608695652175 0.06068840579710145 0.08260869565217391
0 0.6689311594202898 0.1252717391304348 0.06068840579710145 0.08260869565217391
0 0.0276268115942029 0.6372282608695652 0.0552536231884058 0.1092391304347826
0 0.029438405797101448 0.6399456521739131 0.0552536231884058 0.1092391304347826
0 0.0848731884057971 0.6774456521739131 0.0552536231884058 0.1092391304347826
0 0.11548913043478261 0.6945652173913044 0.0552536231884058 0.1092391304347826
0 0.14501811594202899 0.7160326086956522 0.0552536231884058 0.1092391304347826
0 0.20117753623188406 0.7459239130434783 0.0552536231884058 0.1092391304347826
0 0.22672101449275361 0.758695652173913 0.0552536231884058 0.1092391304347826
0 0.28958333333333336 0.7834239130434782 0.0552536231884058 0.1092391304347826
0 0.4890398550724638 0.5285326086956522 0.06068840579710145 0.08260869565217391
0 0.4642210144927536 0.5804347826086956 0.06068840579710145 0.08260869565217391
0 0.4404891304347826 0.6203804347826087 0.06068840579710145 0.08260869565217391
0 0.3857789855072464 0.7241847826086957 0.06068840579710145 0.08260869565217391
