0 0.44565217391304346 0.3534201954397394 0.06576086956521739 0.0496742671009772
0 0.4429347826086957 0.25386807817589574 0.06630434782608696 0.05415309446254072
1 0.4514945652173913 0.6879071661237784 0.06385869565217392 0.0492671009771987
2 0.4423913043478261 0.10688110749185668 0.06739130434782609 0.07125407166123779
0 0.4411684782608696 0.15960912052117263 0.06766304347826087 0.04234527687296417
0 0.44307065217391306 0.20297231270358307 0.06603260869565217 0.0492671009771987
0 0.4451086956521739 0.30191368078175895 0.06630434782608696 0.05415309446254072
0 0.44565217391304346 0.40004071661237783 0.06630434782608696 0.05415309446254072
0 0.4472826086956522 0.44890065146579805 0.06630434782608696 0.05415309446254072
0 0.44782608695652176 0.49776058631921827 0.06630434782608696 0.05415309446254072
0 0.4470108695652174 0.5494706840390879 0.06630434782608696 0.05415309446254072
0 0.44918478260869565 0.5950732899022801 0.06630434782608696 0.05415309446254072
0 0.45 0.6447475570032574 0.06576086956521739 0.048452768729641695
