0 0.3684782608695652 0.1830163043478261 0.06268115942028986 0.07581521739130435
1 0.5579710144927537 0.7304347826086957 0.05253623188405797 0.07228260869565217
0 0.3516304347826087 0.12622282608695654 0.06268115942028986 0.07581521739130435
0 0.3838768115942029 0.22894021739130435 0.06268115942028986 0.07581521739130435
0 0.40108695652173915 0.27676630434782606 0.06268115942028986 0.07581521739130435
0 0.41829710144927534 0.33057065217391307 0.06268115942028986 0.07581521739130435
0 0.4164855072463768 0.33328804347826085 0.06268115942028986 0.07581521739130435
0 0.45362318840579713 0.4311141304347826 0.06268115942028986 0.07581521739130435
0 0.4708333333333333 0.4789402173913043 0.06268115942028986 0.07581521739130435
0 0.48876811594202896 0.5316576086956522 0.06268115942028986 0.07581521739130435
0 0.5052536231884058 0.581929347826087 0.06268115942028986 0.07581521739130435
0 0.5231884057971015 0.6311141304347826 0.06268115942028986 0.07581521739130435
0 0.5420289855072464 0.6767663043478261 0.06268115942028986 0.07581521739130435
0 0.6428442028985507 0.8013586956521739 0.04909420289855072 0.09510869565217392
0 0.66875 0.7896739130434782 0.04909420289855072 0.09510869565217392
0 0.6906702898550725 0.7769021739130435 0.04909420289855072 0.09510869565217392
0 0.7142210144927537 0.7605978260869565 0.04909420289855072 0.09510869565217392
0 0.7370471014492753 0.7467391304347826 0.04909420289855072 0.09510869565217392
0 0.9288949275362319 0.6054347826086957 0.057427536231884055 0.09456521739130434
0 0.8573369565217391 0.6652173913043479 0.057427536231884055 0.09456521739130434
0 0.8308876811594202 0.6798913043478261 0.057427536231884055 0.09456521739130434
0 0.8116847826086957 0.6991847826086957 0.057427536231884055 0.09456521739130434
0 0.7861413043478261 0.714945652173913 0.057427536231884055 0.09456521739130434
0 0.7614130434782609 0.7328804347826087 0.05 0.09456521739130434
0 0.8777173913043478 0.6415760869565217 0.05 0.09456521739130434
0 0.9028985507246376 0.6277173913043478 0.05 0.09456521739130434
