0 0.4482789855072464 0.2565217391304348 0.07844202898550724 0.06576086956521739
0 0.45344202898550723 0.37418478260869564 0.07934782608695652 0.06576086956521739
1 0.4623188405797101 0.6081521739130434 0.075 0.06032608695652174
1 0.4602355072463768 0.4876358695652174 0.08315217391304348 0.05353260869565218
0 0.4404891304347826 0.13804347826086957 0.07844202898550724 0.06576086956521739
0 0.44465579710144926 0.19782608695652174 0.07844202898550724 0.06576086956521739
0 0.45117753623188406 0.3130434782608696 0.07844202898550724 0.06576086956521739
0 0.45769927536231886 0.43070652173913043 0.07844202898550724 0.06576086956521739
0 0.4624094202898551 0.5459239130434783 0.07844202898550724 0.06576086956521739
0 0.46893115942028984 0.6635869565217392 0.07844202898550724 0.06576086956521739
0 0.471286231884058 0.722554347826087 0.07844202898550724 0.06576086956521739
0 0.47490942028985506 0.778804347826087 0.07844202898550724 0.06576086956521739
2 0.43731884057971016 0.06956521739130435 0.07971014492753623 0.08043478260869565
