0 0.5140398550724637 0.43220108695652176 0.07192028985507247 0.05733695652173913
0 0.5140398550724637 0.5436141304347826 0.07192028985507247 0.058967391304347826
1 0.516213768115942 0.7097826086956521 0.0802536231884058 0.057608695652173914
2 0.516213768115942 0.8366847826086956 0.07807971014492754 0.08478260869565217
0 0.5154891304347826 0.7702445652173913 0.0766304347826087 0.06222826086956522
0 0.5147644927536232 0.6012228260869565 0.0766304347826087 0.06222826086956522
0 0.5163949275362318 0.4889945652173913 0.0766304347826087 0.06222826086956522
0 0.5151268115942029 0.37839673913043476 0.0766304347826087 0.06222826086956522
0 0.5133152173913044 0.3221467391304348 0.0766304347826087 0.06222826086956522
0 0.5131340579710145 0.2667119565217391 0.0766304347826087 0.06222826086956522
0 0.5153079710144928 0.21209239130434782 0.0766304347826087 0.06222826086956522
0 0.5151268115942029 0.1610054347826087 0.0766304347826087 0.06222826086956522
