0 0.5029891304347827 0.5421195652173914 0.08206521739130435 0.07554347826086956
1 0.5271739130434783 0.8290760869565217 0.08514492753623189 0.09402173913043478
0 0.5242753623188405 0.7557065217391304 0.08043478260869565 0.058695652173913045
0 0.5183876811594202 0.7092391304347826 0.08206521739130435 0.07554347826086956
0 0.5134963768115942 0.6489130434782608 0.08206521739130435 0.07554347826086956
0 0.5086050724637681 0.5970108695652174 0.08206521739130435 0.07554347826086956
0 0.49918478260869564 0.48641304347826086 0.08206521739130435 0.07554347826086956
0 0.49592391304347827 0.4328804347826087 0.08206521739130435 0.07554347826086956
0 0.4897644927536232 0.37744565217391307 0.08206521739130435 0.07554347826086956
0 0.4836050724637681 0.3239130434782609 0.08206521739130435 0.07554347826086956
0 0.478713768115942 0.2703804347826087 0.08206521739130435 0.07554347826086956
0 0.47490942028985506 0.2157608695652174 0.08206521739130435 0.07554347826086956
0 0.4711050724637681 0.16304347826086957 0.08206521739130435 0.07554347826086956
