0 0.8269021739130434 0.266304347826087 0.049456521739130434 0.11195652173913044
0 0.4870471014492754 0.5163043478260869 0.06068840579710145 0.08260869565217391
1 0.5843297101449275 0.33491847826086957 0.05597826086956522 0.08396739130434783
1 0.7353260869565217 0.2327445652173913 0.04057971014492753 0.11820652173913043
0 0.4642210144927536 0.566304347826087 0.06068840579710145 0.08260869565217391
0 0.4413949275362319 0.616304347826087 0.06068840579710145 0.08260869565217391
0 0.41929347826086955 0.6603260869565217 0.06068840579710145 0.08260869565217391
0 0.39719202898550726 0.7171195652173913 0.06068840579710145 0.08260869565217391
0 0.3750905797101449 0.7635869565217391 0.06068840579710145 0.08260869565217391
0 0.3529891304347826 0.8144021739130435 0.06068840579710145 0.08260869565217391
0 0.3308876811594203 0.8744565217391305 0.06068840579710145 0.08260869565217391
0 0.9721920289855073 0.3625 0.0552536231884058 0.1092391304347826
0 0.9703804347826087 0.35978260869565215 0.0552536231884058 0.1092391304347826
0 0.914945652173913 0.3222826086956522 0.0552536231884058 0.1092391304347826
0 0.8843297101449276 0.30516304347826084 0.0552536231884058 0.1092391304347826
0 0.8548007246376812 0.28369565217391307 0.0552536231884058 0.1092391304347826
0 0.7986413043478261 0.25380434782608696 0.0552536231884058 0.1092391304347826
0 0.7730978260869565 0.24103260869565218 0.0552536231884058 0.1092391304347826
0 0.7102355072463769 0.21630434782608696 0.0552536231884058 0.1092391304347826
0 0.5107789855072464 0.47119565217391307 0.06068840579710145 0.08260869565217391
0 0.5355978260869565 0.41929347826086955 0.06068840579710145 0.08260869565217391
0 0.5593297101449275 0.3793478260869565 0.06068840579710145 0.08260869565217391
0 0.6140398550724637 0.27554347826086956 0.06068840579710145 0.08260869565217391
