0 0.4482789855072464 0.7432065217391305 0.07844202898550724 0.06576086956521739
0 0.45344202898550723 0.6255434782608695 0.07934782608695652 0.06576086956521739
1 0.4623188405797101 0.39157608695652174 0.075 0.06032608695652174
1 0.4602355072463768 0.5120923913043478 0.08315217391304348 0.05353260869565218
0 0.4404891304347826 0.8616847826086956 0.07844202898550724 0.06576086956521739
0 0.44465579710144926 0.8019021739130435 0.07844202898550724 0.06576086956521739
0 0.45117753623188406 0.6866847826086957 0.07844202898550724 0.06576086956521739
0 0.45769927536231886 0.5690217391304347 0.07844202898550724 0.06576086956521739
0 0.4624094202898551 0.453804347826087 0.07844202898550724 0.06576086956521739
0 0.46893115942028984 0.3361413043478261 0.07844202898550724 0.06576086956521739
0 0.471286231884058 0.27717391304347827 0.07844202898550724 0.06576086956521739
0 0.47490942028985506 0.22092391304347825 0.07844202898550724 0.06576086956521739
2 0.43731884057971016 0.9301630434782608 0.07971014492753623 0.08043478260869565
