0 0.6313405797101449 0.8167119565217391 0.06268115942028986 0.07581521739130435
1 0.4418478260869565 0.2692934782608696 0.05253623188405797 0.07228260869565217
0 0.6481884057971015 0.8735054347826087 0.06268115942028986 0.07581521739130435
0 0.6159420289855072 0.7707880434782609 0.06268115942028986 0.07581521739130435
0 0.5987318840579711 0.7229619565217391 0.06268115942028986 0.07581521739130435
0 0.5815217391304348 0.6691576086956522 0.06268115942028986 0.07581521739130435
0 0.5833333333333334 0.6664402173913043 0.06268115942028986 0.07581521739130435
0 0.5461956521739131 0.5686141304347826 0.06268115942028986 0.07581521739130435
0 0.5289855072463768 0.5207880434782609 0.06268115942028986 0.07581521739130435
0 0.5110507246376812 0.468070652173913 0.06268115942028986 0.07581521739130435
0 0.4945652173913043 0.41779891304347827 0.06268115942028986 0.07581521739130435
0 0.4766304347826087 0.3686141304347826 0.06268115942028986 0.07581521739130435
0 0.4577898550724638 0.32296195652173915 0.06268115942028986 0.07581521739130435
0 0.35697463768115945 0.1983695652173913 0.04909420289855072 0.09510869565217392
0 0.33106884057971014 0.21005434782608695 0.04909420289855072 0.09510869565217392
0 0.3091485507246377 0.22282608695652173 0.04909420289855072 0.09510869565217392
0 0.2855978260869565 0.2391304347826087 0.04909420289855072 0.09510869565217392
0 0.2627717391304348 0.2529891304347826 0.04909420289855072 0.09510869565217392
0 0.07092391304347827 0.3942934782608696 0.057427536231884055 0.09456521739130434
0 0.14248188405797102 0.3345108695652174 0.057427536231884055 0.09456521739130434
0 0.16893115942028986 0.31983695652173916 0.057427536231884055 0.09456521739130434
0 0.18813405797101448 0.3005434782608696 0.057427536231884055 0.09456521739130434
0 0.21367753623188407 0.2847826086956522 0.057427536231884055 0.09456521739130434
0 0.23840579710144927 0.2668478260869565 0.05 0.09456521739130434
0 0.12210144927536232 0.3581521739130435 0.05 0.09456521739130434
0 0.09692028985507246 0.3720108695652174 0.05 0.09456521739130434
