0 0.49660326086956524 0.2764657980456026 0.11766304347826087 0.0993485342019544
0 0.5021739130434782 0.1390472312703583 0.11413043478260869 0.09649837133550489
1 0.4754076086956522 0.6001628664495114 0.11548913043478261 0.09201954397394137
1 0.48668478260869563 0.40736970684039087 0.12065217391304348 0.09405537459283388
0 0.49972826086956523 0.20582247557003258 0.11413043478260869 0.09649837133550489
0 0.4910326086956522 0.34140879478827363 0.11413043478260869 0.09649837133550489
0 0.48125 0.5396986970684039 0.11413043478260869 0.09649837133550489
0 0.5059782608695652 0.06026058631921824 0.11956521739130435 0.12052117263843648
0 0.46875 0.7314739413680782 0.11413043478260869 0.09649837133550489
0 0.46467391304347827 0.7966205211726385 0.11413043478260869 0.09649837133550489
0 0.4638586956521739 0.8515879478827362 0.11413043478260869 0.09649837133550489
