0 0.49682971014492755 0.45760869565217394 0.08206521739130435 0.07554347826086956
1 0.4726449275362319 0.17065217391304346 0.08514492753623189 0.09402173913043478
0 0.47554347826086957 0.2440217391304348 0.08043478260869565 0.058695652173913045
0 0.48143115942028986 0.2904891304347826 0.08206521739130435 0.07554347826086956
0 0.48632246376811594 0.35081521739130433 0.08206521739130435 0.07554347826086956
0 0.49121376811594203 0.4027173913043478 0.08206521739130435 0.07554347826086956
0 0.5006340579710145 0.5133152173913044 0.08206521739130435 0.07554347826086956
0 0.5038949275362319 0.5668478260869565 0.08206521739130435 0.07554347826086956
0 0.5100543478260869 0.6222826086956522 0.08206521739130435 0.07554347826086956
0 0.516213768115942 0.6758152173913043 0.08206521739130435 0.07554347826086956
0 0.5211050724637681 0.7293478260869565 0.08206521739130435 0.07554347826086956
0 0.5249094202898551 0.7839673913043478 0.08206521739130435 0.07554347826086956
0 0.5287137681159421 0.8366847826086956 0.08206521739130435 0.07554347826086956
