0 0.6313405797101449 0.1830163043478261 0.06268115942028986 0.07581521739130435
1 0.4418478260869565 0.7304347826086957 0.05253623188405797 0.07228260869565217
0 0.6481884057971015 0.12622282608695654 0.06268115942028986 0.07581521739130435
0 0.6159420289855072 0.22894021739130435 0.06268115942028986 0.07581521739130435
0 0.5987318840579711 0.27676630434782606 0.06268115942028986 0.07581521739130435
0 0.5815217391304348 0.33057065217391307 0.06268115942028986 0.07581521739130435
0 0.5833333333333334 0.33328804347826085 0.06268115942028986 0.07581521739130435
0 0.5461956521739131 0.4311141304347826 0.06268115942028986 0.07581521739130435
0 0.5289855072463768 0.4789402173913043 0.06268115942028986 0.07581521739130435
0 0.5110507246376812 0.5316576086956522 0.06268115942028986 0.07581521739130435
0 0.4945652173913043 0.581929347826087 0.06268115942028986 0.07581521739130435
0 0.4766304347826087 0.6311141304347826 0.06268115942028986 0.07581521739130435
0 0.4577898550724638 0.6767663043478261 0.06268115942028986 0.07581521739130435
0 0.35697463768115945 0.8013586956521739 0.04909420289855072 0.09510869565217392
0 0.33106884057971014 0.7896739130434782 0.04909420289855072 0.09510869565217392
0 0.3091485507246377 0.7769021739130435 0.04909420289855072 0.09510869565217392
0 0.2855978260869565 0.7605978260869565 0.04909420289855072 0.09510869565217392
0 0.2627717391304348 0.7467391304347826 0.04909420289855072 0.09510869565217392
0 0.07092391304347827 0.6054347826086957 0.057427536231884055 0.09456521739130434
0 0.14248188405797102 0.6652173913043479 0.057427536231884055 0.09456521739130434
0 0.16893115942028986 0.6798913043478261 0.057427536231884055 0.09456521739130434
0 0.18813405797101448 0.6991847826086957 0.057427536231884055 0.09456521739130434
0 0.21367753623188407 0.714945652173913 0.057427536231884055 0.09456521739130434
0 0.23840579710144927 0.7328804347826087 0.05 0.09456521739130434
0 0.12210144927536232 0.6415760869565217 0.05 0.09456521739130434
0 0.09692028985507246 0.6277173913043478 0.05 0.09456521739130434
