0 0.5071557971014493 0.2858695652173913 0.0943840579710145 0.07554347826086956
0 0.5034420289855073 0.4125 0.08876811594202899 0.08260869565217391
1 0.48442028985507246 0.9016304347826087 0.00036231884057971015 0.0005434782608695652
1 0.5009963768115943 0.5316576086956522 0.09510869565217392 0.06820652173913043
1 0.5148550724637682 0.09959239130434783 0.09384057971014492 0.06657608695652174
0 0.49375 0.6021739130434782 0.08822463768115942 0.07336956521739131
2 0.48079710144927534 0.8654891304347826 0.09057971014492754 0.09510869565217392
0 0.4841485507246377 0.7933423913043478 0.09039855072463768 0.0779891304347826
0 0.50625 0.3509510869565217 0.09039855072463768 0.0779891304347826
0 0.5102355072463768 0.22676630434782608 0.09039855072463768 0.0779891304347826
0 0.5142210144927536 0.1672554347826087 0.09039855072463768 0.0779891304347826
0 0.4921195652173913 0.6605978260869565 0.08822463768115942 0.07336956521739131
