0 0.48007246376811596 0.7061141304347827 0.07101449275362319 0.06005434782608696
0 0.48840579710144927 0.6144021739130435 0.07101449275362319 0.06141304347826087
1 0.49755434782608693 0.5260869565217391 0.07554347826086956 0.050543478260869565
1 0.5183876811594202 0.2817934782608696 0.07880434782608696 0.05217391304347826
0 0.47608695652173916 0.7520380434782609 0.07101449275362319 0.06005434782608696
0 0.4713768115942029 0.8023097826086957 0.07101449275362319 0.06005434782608696
0 0.48478260869565215 0.6615489130434783 0.07101449275362319 0.06005434782608696
0 0.5021739130434782 0.468070652173913 0.07101449275362319 0.06005434782608696
0 0.5115942028985507 0.37730978260869563 0.07101449275362319 0.06005434782608696
0 0.5103260869565217 0.42758152173913044 0.07101449275362319 0.06005434782608696
2 0.526177536231884 0.21956521739130436 0.07192028985507247 0.07554347826086956
0 0.4940217391304348 0.5751358695652173 0.07101449275362319 0.048641304347826084
