0 0.49682971014492755 0.5421195652173914 0.08206521739130435 0.07554347826086956
1 0.4726449275362319 0.8290760869565217 0.08514492753623189 0.09402173913043478
0 0.47554347826086957 0.7557065217391304 0.08043478260869565 0.058695652173913045
0 0.48143115942028986 0.7092391304347826 0.08206521739130435 0.07554347826086956
0 0.48632246376811594 0.6489130434782608 0.08206521739130435 0.07554347826086956
0 0.49121376811594203 0.5970108695652174 0.08206521739130435 0.07554347826086956
0 0.5006340579710145 0.48641304347826086 0.08206521739130435 0.07554347826086956
0 0.5038949275362319 0.4328804347826087 0.08206521739130435 0.07554347826086956
0 0.5100543478260869 0.37744565217391307 0.08206521739130435 0.07554347826086956
0 0.516213768115942 0.3239130434782609 0.08206521739130435 0.07554347826086956
0 0.5211050724637681 0.2703804347826087 0.08206521739130435 0.07554347826086956
0 0.5249094202898551 0.2157608695652174 0.08206521739130435 0.07554347826086956
0 0.5287137681159421 0.16304347826086957 0.08206521739130435 0.07554347826086956
