0 0.48577898550724635 0.5675271739130435 0.07192028985507247 0.05733695652173913
0 0.48577898550724635 0.4561141304347826 0.07192028985507247 0.058967391304347826
1 0.4836050724637681 0.28994565217391305 0.0802536231884058 0.057608695652173914
2 0.4836050724637681 0.16304347826086957 0.07807971014492754 0.08478260869565217
0 0.48432971014492754 0.2294836956521739 0.0766304347826087 0.06222826086956522
0 0.485054347826087 0.3985054347826087 0.0766304347826087 0.06222826086956522
0 0.48342391304347826 0.5107336956521739 0.0766304347826087 0.06222826086956522
0 0.48469202898550723 0.6213315217391304 0.0766304347826087 0.06222826086956522
0 0.4865036231884058 0.6775815217391304 0.0766304347826087 0.06222826086956522
0 0.48668478260869563 0.733016304347826 0.0766304347826087 0.06222826086956522
0 0.4845108695652174 0.7876358695652174 0.0766304347826087 0.06222826086956522
0 0.48469202898550723 0.8387228260869565 0.0766304347826087 0.06222826086956522
