0 0.48777173913043476 0.6614413680781759 0.0907608695652174 0.06881107491856678
1 0.48994565217391306 0.5142508143322475 0.0907608695652174 0.06840390879478828
0 0.48777173913043476 0.7046009771986971 0.0907608695652174 0.06881107491856678
0 0.48777173913043476 0.7595684039087948 0.0907608695652174 0.06881107491856678
0 0.49130434782608695 0.802728013029316 0.0907608695652174 0.06881107491856678
0 0.4885869565217391 0.8515879478827362 0.0907608695652174 0.06881107491856678
0 0.48994565217391306 0.9032980456026058 0.0907608695652174 0.06881107491856678
0 0.48831521739130435 0.948900651465798 0.0907608695652174 0.06881107491856678
0 0.48994565217391306 0.3473127035830619 0.0891304347826087 0.09690553745928339
0 0.48967391304347824 0.4110342019543974 0.0907608695652174 0.0745114006514658
0 0.4891304347826087 0.6113599348534202 0.0907608695652174 0.06881107491856678
