0 0.5515398550724637 0.2565217391304348 0.07844202898550724 0.06576086956521739
0 0.5463768115942029 0.37418478260869564 0.07934782608695652 0.06576086956521739
1 0.5375 0.6081521739130434 0.075 0.06032608695652174
1 0.5395833333333333 0.4876358695652174 0.08315217391304348 0.05353260869565218
0 0.5593297101449275 0.13804347826086957 0.07844202898550724 0.06576086956521739
0 0.5551630434782608 0.19782608695652174 0.07844202898550724 0.06576086956521739
0 0.5486413043478261 0.3130434782608696 0.07844202898550724 0.06576086956521739
0 0.5421195652173914 0.43070652173913043 0.07844202898550724 0.06576086956521739
0 0.537409420289855 0.5459239130434783 0.07844202898550724 0.06576086956521739
0 0.5308876811594203 0.6635869565217392 0.07844202898550724 0.06576086956521739
0 0.5285326086956522 0.722554347826087 0.07844202898550724 0.06576086956521739
0 0.5249094202898551 0.778804347826087 0.07844202898550724 0.06576086956521739
2 0.5625 0.06956521739130435 0.07971014492753623 0.08043478260869565
