0 0.49266304347826084 0.7138586956521739 0.0943840579710145 0.07554347826086956
0 0.4963768115942029 0.5872282608695653 0.08876811594202899 0.08260869565217391
1 0.5153985507246377 0.09809782608695652 0.00036231884057971015 0.0005434782608695652
1 0.49882246376811595 0.468070652173913 0.09510869565217392 0.06820652173913043
1 0.48496376811594205 0.9001358695652174 0.09384057971014492 0.06657608695652174
0 0.5060688405797101 0.39755434782608695 0.08822463768115942 0.07336956521739131
2 0.5190217391304348 0.1342391304347826 0.09057971014492754 0.09510869565217392
0 0.5156702898550725 0.2063858695652174 0.09039855072463768 0.0779891304347826
0 0.4935688405797101 0.6487771739130435 0.09039855072463768 0.0779891304347826
0 0.4895833333333333 0.7729619565217392 0.09039855072463768 0.0779891304347826
0 0.4855978260869565 0.8324728260869565 0.09039855072463768 0.0779891304347826
0 0.5076992753623188 0.3391304347826087 0.08822463768115942 0.07336956521739131
