0 0.5285326086956522 0.6046416938110749 0.09891304347826087 0.07573289902280131
1 0.5252717391304348 0.4831026058631922 0.0983695652173913 0.07858306188925081
0 0.5209239130434783 0.41083061889250816 0.1 0.10342019543973942
0 0.527445652173913 0.5435667752442996 0.0967391304347826 0.08387622149837133
0 0.5252717391304348 0.6640879478827362 0.0967391304347826 0.08387622149837133
0 0.5269021739130435 0.7243485342019544 0.0967391304347826 0.08387622149837133
0 0.527445652173913 0.7886807817589576 0.0967391304347826 0.08387622149837133
0 0.527445652173913 0.8464983713355049 0.0967391304347826 0.08387622149837133
0 0.527445652173913 0.9108306188925082 0.0967391304347826 0.08387622149837133
0 0.5296195652173913 0.9580618892508144 0.0967391304347826 0.08387622149837133
