0 0.17291666666666666 0.266304347826087 0.049456521739130434 0.11195652173913044
0 0.5127717391304348 0.5163043478260869 0.06068840579710145 0.08260869565217391
1 0.4154891304347826 0.33491847826086957 0.05597826086956522 0.08396739130434783
1 0.2644927536231884 0.2327445652173913 0.04057971014492753 0.11820652173913043
0 0.5355978260869565 0.566304347826087 0.06068840579710145 0.08260869565217391
0 0.5584239130434783 0.616304347826087 0.06068840579710145 0.08260869565217391
0 0.5805253623188406 0.6603260869565217 0.06068840579710145 0.08260869565217391
0 0.602626811594203 0.7171195652173913 0.06068840579710145 0.08260869565217391
0 0.6247282608695652 0.7635869565217391 0.06068840579710145 0.08260869565217391
0 0.6468297101449275 0.8144021739130435 0.06068840579710145 0.08260869565217391
0 0.6689311594202898 0.8744565217391305 0.06068840579710145 0.08260869565217391
0 0.0276268115942029 0.3625 0.0552536231884058 0.1092391304347826
0 0.029438405797101448 0.35978260869565215 0.0552536231884058 0.1092391304347826
0 0.0848731884057971 0.3222826086956522 0.0552536231884058 0.1092391304347826
0 0.11548913043478261 0.30516304347826084 0.0552536231884058 0.1092391304347826
0 0.14501811594202899 0.28369565217391307 0.0552536231884058 0.1092391304347826
0 0.20117753623188406 0.25380434782608696 0.0552536231884058 0.1092391304347826
0 0.22672101449275361 0.24103260869565218 0.0552536231884058 0.1092391304347826
0 0.28958333333333336 0.21630434782608696 0.0552536231884058 0.1092391304347826
0 0.4890398550724638 0.47119565217391307 0.06068840579710145 0.08260869565217391
0 0.4642210144927536 0.41929347826086955 0.06068840579710145 0.08260869565217391
0 0.4404891304347826 0.3793478260869565 0.06068840579710145 0.08260869565217391
0 0.3857789855072464 0.27554347826086956 0.06068840579710145 0.08260869565217391
