0 0.8269021739130434 0.7334239130434783 0.049456521739130434 0.11195652173913044
0 0.4870471014492754 0.48342391304347826 0.06068840579710145 0.08260869565217391
1 0.5843297101449275 0.6648097826086956 0.05597826086956522 0.08396739130434783
1 0.7353260869565217 0.766983695652174 0.04057971014492753 0.11820652173913043
0 0.4642210144927536 0.43342391304347827 0.06068840579710145 0.08260869565217391
0 0.4413949275362319 0.3834239130434783 0.06068840579710145 0.08260869565217391
0 0.41929347826086955 0.3394021739130435 0.06068840579710145 0.08260869565217391
0 0.39719202898550726 0.2826086956521739 0.06068840579710145 0.08260869565217391
0 0.3750905797101449 0.2361413043478261 0.06068840579710145 0.08260869565217391
0 0.3529891304347826 0.18532608695652175 0.06068840579710145 0.08260869565217391
0 0.3308876811594203 0.1252717391304348 0.06068840579710145 0.08260869565217391
0 0.9721920289855073 0.6372282608695652 0.0552536231884058 0.1092391304347826
0 0.9703804347826087 0.6399456521739131 0.0552536231884058 0.1092391304347826
0 0.914945652173913 0.6774456521739131 0.0552536231884058 0.1092391304347826
0 0.8843297101449276 0.6945652173913044 0.0552536231884058 0.1092391304347826
0 0.8548007246376812 0.7160326086956522 0.0552536231884058 0.1092391304347826
0 0.7986413043478261 0.7459239130434783 0.0552536231884058 0.1092391304347826
0 0.7730978260869565 0.758695652173913 0.0552536231884058 0.1092391304347826
0 0.7102355072463769 0.7834239130434782 0.0552536231884058 0.1092391304347826
0 0.5107789855072464 0.5285326086956522 0.06068840579710145 0.08260869565217391
0 0.5355978260869565 0.5804347826086956 0.06068840579710145 0.08260869565217391
0 0.5593297101449275 0.6203804347826087 0.06068840579710145 0.08260869565217391
0 0.6140398550724637 0.7241847826086957 0.06068840579710145 0.08260869565217391
