0 0.5285326086956522 0.3949511400651466 0.09891304347826087 0.07573289902280131
1 0.5252717391304348 0.5164902280130294 0.0983695652173913 0.07858306188925081
0 0.5209239130434783 0.5887622149837134 0.1 0.10342019543973942
0 0.527445652173913 0.4560260586319218 0.0967391304347826 0.08387622149837133
0 0.5252717391304348 0.3355048859934853 0.0967391304347826 0.08387622149837133
0 0.5269021739130435 0.2752442996742671 0.0967391304347826 0.08387622149837133
0 0.527445652173913 0.21091205211726385 0.0967391304347826 0.08387622149837133
0 0.527445652173913 0.15309446254071662 0.0967391304347826 0.08387622149837133
0 0.527445652173913 0.08876221498371335 0.0967391304347826 0.08387622149837133
0 0.5296195652173913 0.041938110749185666 0.0967391304347826 0.08387622149837133
