0 0.3684782608695652 0.8167119565217391 0.06268115942028986 0.07581521739130435
1 0.5579710144927537 0.2692934782608696 0.05253623188405797 0.07228260869565217
0 0.3516304347826087 0.8735054347826087 0.06268115942028986 0.07581521739130435
0 0.3838768115942029 0.7707880434782609 0.06268115942028986 0.07581521739130435
0 0.40108695652173915 0.7229619565217391 0.06268115942028986 0.07581521739130435
0 0.41829710144927534 0.6691576086956522 0.06268115942028986 0.07581521739130435
0 0.4164855072463768 0.6664402173913043 0.06268115942028986 0.07581521739130435
0 0.45362318840579713 0.5686141304347826 0.06268115942028986 0.07581521739130435
0 0.4708333333333333 0.5207880434782609 0.06268115942028986 0.07581521739130435
0 0.48876811594202896 0.468070652173913 0.06268115942028986 0.07581521739130435
0 0.5052536231884058 0.41779891304347827 0.06268115942028986 0.07581521739130435
0 0.5231884057971015 0.3686141304347826 0.06268115942028986 0.07581521739130435
0 0.5420289855072464 0.32296195652173915 0.06268115942028986 0.07581521739130435
0 0.6428442028985507 0.1983695652173913 0.04909420289855072 0.09510869565217392
0 0.66875 0.21005434782608695 0.04909420289855072 0.09510869565217392
0 0.6906702898550725 0.22282608695652173 0.04909420289855072 0.09510869565217392
0 0.7142210144927537 0.2391304347826087 0.04909420289855072 0.09510869565217392
0 0.7370471014492753 0.2529891304347826 0.04909420289855072 0.09510869565217392
0 0.9288949275362319 0.3942934782608696 0.057427536231884055 0.09456521739130434
0 0.8573369565217391 0.3345108695652174 0.057427536231884055 0.09456521739130434
0 0.8308876811594202 0.31983695652173916 0.057427536231884055 0.09456521739130434
0 0.8116847826086957 0.3005434782608696 0.057427536231884055 0.09456521739130434
0 0.7861413043478261 0.2847826086956522 0.057427536231884055 0.09456521739130434
0 0.7614130434782609 0.2668478260869565 0.05 0.09456521739130434
0 0.8777173913043478 0.3581521739130435 0.05 0.09456521739130434
0 0.9028985507246376 0.3720108695652174 0.05 0.09456521739130434
