0 0.5515398550724637 0.7432065217391305 0.07844202898550724 0.06576086956521739
0 0.5463768115942029 0.6255434782608695 0.07934782608695652 0.06576086956521739
1 0.5375 0.39157608695652174 0.075 0.06032608695652174
1 0.5395833333333333 0.5120923913043478 0.08315217391304348 0.05353260869565218
0 0.5593297101449275 0.8616847826086956 0.07844202898550724 0.06576086956521739
0 0.5551630434782608 0.8019021739130435 0.07844202898550724 0.06576086956521739
0 0.5486413043478261 0.6866847826086957 0.07844202898550724 0.06576086956521739
0 0.5421195652173914 0.5690217391304347 0.07844202898550724 0.06576086956521739
0 0.537409420289855 0.453804347826087 0.07844202898550724 0.06576086956521739
0 0.5308876811594203 0.3361413043478261 0.07844202898550724 0.06576086956521739
0 0.5285326086956522 0.27717391304347827 0.07844202898550724 0.06576086956521739
0 0.5249094202898551 0.22092391304347825 0.07844202898550724 0.06576086956521739
2 0.5625 0.9301630434782608 0.07971014492753623 0.08043478260869565
